-178.464860
-166.117108
173.686649
166.873085
-173.683847
179.900210
-174.243032
-172.421728
179.793155
176.793431
175.003070
-169.190714
179.133204
172.190292
-172.714511
-179.578510
178.229356
179.002151
-174.520984
169.088846
-172.226682
-168.432167
-172.256549
-158.653139
-160.591889
-162.287750
-153.397003
-163.658057
-174.111287
179.435031
-176.179800
-169.504227
-163.520131
-162.979515
-165.646011
-170.769127
-168.434367
-153.532860
-171.700898
-152.710976
-171.251057
-177.400311
-168.995436
-162.087560
-177.803671
171.455884
-170.360883
-172.598777
175.922518
-172.014387
176.687546
170.751867
172.264844
-173.399284
179.363640
171.066593
162.550861
166.557700
169.739769
-172.897483
-165.575266
-176.167946
-178.082999
-169.909732
-169.909214
-176.992411
-149.262754
-177.452466
-169.169306
-173.424931
-170.817972
-177.960103
-176.929278
179.189738
179.718357
179.582807
-176.137187
-177.420806
-178.585681
-177.296968
-178.833801
179.062565
172.387656
176.141885
174.470689
178.580882
171.558927
165.289485
154.820417
171.035707
172.484665
163.181986
167.736487
176.523595
-174.431132
164.647327
164.186727
152.833019
162.608656
167.136559
171.174513
172.298686
159.996511
173.477227
175.161447
173.960766
172.183954
171.564862
179.047418
169.976489
162.597374
172.947551
-176.338711
171.101808
171.498859
168.881184
-176.755221
179.798402
-165.832390
-172.614834
-178.840671
-163.520399
-159.143347
-176.237817
-171.140429
-177.581656
-174.785981
176.645226
178.964302
-178.756431
172.705049
-174.027158
168.762984
175.328775
173.204488
172.102808
177.796893
177.043210
167.840943
178.349643
175.447828
179.900241
165.920538
170.984708
179.151228
174.921584
172.052918
178.874719
-178.824980
-172.175422
169.808181
-173.367611
-169.215317
-166.175682
-174.960064
-162.918957
-174.740660
-173.979996
-168.215379
-166.757368
-179.050772
173.839770
163.349408
173.372987
-176.792673
169.828444
162.522496
-176.551527
-176.024904
179.496901
179.899553
168.983469
174.598821
-174.512914
172.698982
172.186567
-171.823813
176.067846
165.744079
175.570391
179.332618
173.966676
-173.930891
179.041542
175.356758
173.213093
177.031595
-173.895915
175.120759
-174.308479
-171.015712
173.224986
-179.386425
-164.669202
-172.893683
-175.483464
-152.202703
-165.107648
-167.930252
-165.317804
-179.630993
-172.675170
-176.602376
-173.632550
175.807981
175.396848
-179.115533
-173.595188
-178.809253
168.270183
179.413589
177.491675
-177.352705
174.511448
174.148024
-165.350241
179.129671
175.194101
-179.522866
173.794176
172.103103
177.482165
178.591141
-176.748345
-178.842357
-171.073889
-174.740838
-176.652571
-169.228706
-166.735004
177.635132
-173.623481
169.368213
176.588958
167.568463
-168.887984
175.196079
173.284546
177.523747
-179.339946
176.219327
169.567568
163.135918
157.176259
164.089813
170.452659
159.473393
147.166465
167.410013
169.026778
170.600536
169.815113
159.764024
170.687985
148.411314
175.334156
176.722311
-177.028513
-169.478485
-173.518191
168.097648
-172.958844
-177.862815
175.501618
162.091157
176.638678
165.340365
148.731928
169.381401
166.224536
157.005826
159.539035
170.607544
170.912587
162.087199
158.465731
173.424743
164.774927
177.682653
174.653022
161.740368
166.298489
178.115453
-178.679328
170.945661
178.569634
175.345714
-173.323248
167.686897
-177.382802
-169.725547
-173.765739
177.650990
173.463984
179.077924
160.325017
157.052480
-178.952966
-174.368084
176.242287
171.689545
156.361887
176.889222
-176.894256
161.478317
159.280184
165.159539
-178.121961
-179.372470
-176.066620
166.718228
-176.099214
179.060512
-179.440753
-172.808811
179.734676
173.502378
175.577131
-167.028919
-160.423185
176.358915
178.654932
-179.116633
-164.934358
-168.482342
171.659568
-174.522237
175.357279
171.397671
-177.207635
-177.545320
166.348606
175.087861
-175.668469
-175.321742
175.010404
-150.287921
178.780762
-173.241430
173.345712
-166.746808
-173.590366
-148.611552
-165.876284
179.789092
-176.025427
177.607271
-159.253192
-177.087211
178.758979
-177.922460
179.578341
179.474921
-178.039869
179.059693
-171.830512
178.299984
177.430753
175.972149
167.764583
172.019616
170.946521
174.937638
171.662380
169.696832
-179.126769
176.823841
-178.774102
167.500448
169.010569
174.181937
-177.734540
169.920109
174.685463
173.641806
-169.714785
178.075598
-163.228179
-179.083502
-162.021326
-163.719797
-178.924574
171.868922
175.850090
-179.847254
174.295048
-174.905932
178.400734
173.806997
171.096676
177.950393
178.651662
-175.062188
-178.224154
-170.699522
173.340375
-178.523245
163.629979
179.998273
171.869824
174.609111
-176.682120
-177.140996
-179.391740
169.354223
-179.224655
-174.585759
164.671150
-178.604949
-176.683773
-179.991749
178.248721
176.187634
179.105307
-177.192570
178.275755
160.122263
166.934360
-174.625574
175.796151
-171.909084
-171.995235
-179.817763
173.411216
165.962183
-172.263066
-177.158626
-175.011212
-177.773551
-172.221012
-175.966028
177.548099
-172.852719
167.278012
-179.321722
-174.538943
-176.984450
174.124699
171.798034
-176.233343
-172.411929
-171.902148
-178.571882
163.948591
-177.382638
174.336457
-169.169892
-179.437064
-164.173664
-168.736516
-173.758972
-169.816149
-174.502197
170.230888
-170.522889
-163.708523
-167.204383
-159.646560
-165.505659
178.134969
-175.282423
-170.235192
-169.882879
-154.449080
-167.847754
-167.789474
-164.061610
-175.024200
-177.487206
-175.730834
-178.496345
165.064963
178.174768
178.853647
-174.851584
-178.094418
172.224128
160.508607
158.425246
168.389156
172.653106
177.552059
174.842601
168.788920
176.498069
-179.143392
-179.550528
-159.282497
-170.803689
178.770260
-175.838430
174.870794
-157.519877
179.700151
-169.323210
-167.744143
-170.731963
-169.258362
-171.153131
-178.149083
173.291668
170.576804
-174.059788
-169.919239
-159.555499
-172.984557
-170.292130
-170.864344
-163.529716
-172.642124
-176.249955
-173.032986
-172.431423
-172.800382
-178.250248
178.302025
-167.863804
178.524180
-169.455517
-177.590805
-171.622848
-170.737279
175.348302
-174.011721
-175.881185
164.249532
-169.950674
-172.577919
-178.575325
-171.838613
-175.045106
-170.182441
-154.824594
-156.291398
-171.584184
179.553103
-174.918955
178.862482
173.945957
178.723005
172.777560
-177.285497
-167.237861
-168.668175
175.820593
170.028605
-174.689044
-176.758904
-177.425724
-175.801936
-165.301601
178.023459
175.947296
-175.719848
-170.863308
170.299944
178.805162
-166.664727
-167.608848
-173.190455
-168.209797
167.554176
-170.457289
-164.841307
-167.758398
-175.045778
170.191757
171.995101
-174.446196
173.570204
-175.165193
171.950303
-170.602242
-166.694175
-179.328474
176.957911
-170.054297
-177.518827
-174.392569
-174.957962
-165.038431
-172.975612
-171.690717
-172.218544
174.573858
-175.234572
-179.143175
177.923686
179.880013
-175.986504
170.721759
179.653579
-174.447739
-170.753523
-177.151824
-179.318611
-166.992050
177.500941
164.329501
-173.504979
179.450691
-177.773304
179.114258
174.678686
-162.045760
-170.933099
-171.207608
-175.472791
-172.081403
-168.215639
-179.013898
172.592029
178.717573
-179.702764
170.463612
171.087964
171.244638
176.336316
178.566966
164.913732
-171.867793
-178.394815
173.962434
178.454615
160.075045
162.605106
170.968111
171.036523
160.136144
171.535301
174.090146
-179.977386
-179.616758
168.903287
179.459741
167.508197
160.324609
173.965337
159.103434
169.793927
-174.320863
176.716606
172.550023
178.924428
-175.582087
175.273701
176.619127
175.168720
179.831195
-177.911691
-176.252872
-163.134977
-165.653910
-166.433700
-176.901110
-175.279827
177.910879
176.984669
178.819956
175.898631
174.485173
-170.302860
-172.786853
-172.078770
-177.888143
-172.425952
-169.577427
-154.345072
-152.950026
-147.333732
-156.942022
-154.457336
-163.630042
-164.639069
-170.366998
-168.183319
-161.160204
-166.669594
-169.769584
-170.134422
-178.476391
-178.292937
-174.721749
-177.304293
-164.374013
-162.746500
-179.255083
-165.031522
-166.932021
175.013537
179.966789
-176.015075
174.742348
-176.255890
-178.520257
-172.805269
-166.584712
-175.070811
-160.317916
-176.314355
176.311212
-176.790093
-171.277907
-166.312758
178.588114
164.468300
159.339896
169.081178
167.234673
176.818932
179.385535
-176.380255
-166.625296
-171.715910
174.515677
-173.297918
-173.249954
-169.178831
-177.827566
-164.015412
170.055761
172.368626
-168.488238
177.481210
176.199689
-176.555081
179.230655
178.193942
174.167483
-174.873325
-179.880879
-174.619554
171.433532
-177.313419
173.205369
173.628856
-164.845103
-172.930157
-169.589063
-177.732702
169.813344
-175.304454
-175.068831
-158.380651
-174.964972
-164.858027
-171.591545
-166.740385
-153.075931
-163.301960
-164.558108
-177.224225
-160.630485
-170.412149
-173.436783
-178.733554
-164.409676
-176.668702
-167.092332
-172.349862
-175.379568
-158.062296
-163.514460
-154.495755
-154.247388
-161.386547
-166.416095
-163.802785
-159.395246
-156.020189
-166.266534
-171.466985
-172.503737
-173.071861
-176.171966
-166.684395
-169.392588
176.298195
-171.629126
-166.827727
-167.847244
-175.028998
-157.748479
-153.992801
-153.293138
-161.434877
-161.518958
-156.006683
-169.045262
-163.421470
-163.911679
-174.054688
-171.135292
-170.996360
-168.925072
-176.414429
-159.774736
-162.949077
173.705375
-176.905916
-168.396087
-158.349316
-155.183933
-165.733466
-167.786815
-168.130482
179.519688
-175.717353
174.510654
177.917615
-176.981477
-178.525783
-166.855423
-172.287862
-178.883754
176.258271
-168.808185
178.077807
-167.564004
-160.880723
-174.066331
-178.513290
176.715138
-173.019730
-164.133318
-157.456098
-174.626884
-175.154738
-174.928773
178.637065
-7.619180
176.556511
8.504994
-21.559615
-7.272331
-175.695530
175.091110
168.597306
-167.776468
-170.833464
-177.826088
-174.651127
-163.349095
-177.880474
-177.666033
-165.052238
-168.539825
-171.758387
-163.195057
178.000876
-169.254818
-170.359835
174.192418
-177.467535
-179.753393
179.726185
174.842710
164.502195
171.340114
176.973233
-173.794973
-174.484223
175.225713
-174.566211
-165.102178
-159.260422
-174.972045
-173.049906
-167.837668
-178.455573
-176.176934
-175.114339
-168.227914
177.178234
-178.700616
176.158844
-154.791067
-174.544107
-171.127797
-172.033670
-179.716017
-167.835493
-175.662905
-168.773481
176.507153
-178.559642
-175.869502
170.552081
174.167151
176.446807
-171.536230
-170.756637
-171.657036
170.805760
177.223468
178.790237
173.053900
172.006921
170.957309
-169.717755
-173.682895
-174.694809
-172.710414
167.108233
174.760084
-178.256297
-179.268542
-174.389063
178.555346
-165.144199
-174.262948
-170.531892
-172.145117
-171.183227
-171.927026
-178.115130
-174.035198
177.004560
-175.867414
177.593410
-171.809924
-178.136902
-173.610363
-171.956752
-177.846282
-176.369602
-167.268666
-170.862763
-177.874487
177.571375
-179.623580
-179.666146
-179.568047
174.708835
-178.912972
175.837298
172.299097
178.256781
-165.683882
176.319186
-172.542665
163.037311
179.894497
-177.875394
177.459191
174.288005
-174.354918
-174.756275
-176.371997
-173.786369
-179.006522
177.462455
-168.042713
178.768068
173.673839
169.343597
-178.810203
-177.765248
178.990528
-177.456006
172.506481
-167.535029
177.121241
165.537518
-173.148293
176.266262
-177.305035
-168.728794
-172.564781
-176.339760
-161.784152
-173.729420
179.848895
-171.843081
-174.781239
-179.902773
172.263955
175.959032
-174.524865
176.814897
-167.304990
-166.137791
-163.258145
-166.632731
-168.960201
-168.298178
-171.784140
-173.366704
-172.985854
-165.984959
-169.305327
-169.856752
-176.492438
-174.442573
177.253830
-175.217718
-164.156618
-168.055651
-175.185407
-174.915954
-171.660882
176.963254
-175.396581
175.583605
-172.002102
-174.944124
171.451046
-177.084432
-179.486424
179.030452
-175.087899
-175.454921
175.006725
175.691393
-168.509946
-179.678685
-170.102609
-166.585811
175.187001
-174.189621
-176.261079
-177.786757
-174.656055
-162.328249
-160.796479
-173.577206
-174.541833
-163.795550
-169.296629
-176.033766
-157.268051
-174.431863
179.905308
-178.561042
-166.695516
-174.345168
-174.150588
-178.457271
179.508862
-170.887529
-179.910964
176.327348
-164.749989
-176.530414
-167.536214
-167.935326
-169.113830
-165.138986
-170.267463
-161.364147
179.981695
-174.639846
-160.175935
-179.489367
166.492064
162.013733
174.841152
153.787704
171.240730
158.239293
163.570867
151.582621
170.099510
174.817441
170.060598
-178.212641
-178.210648
175.261328
171.257581
-176.760680
-173.661566
177.086338
178.532139
-178.576458
-177.413472
-172.095181
-167.359373
-171.162319
-170.828021
-167.895312
-165.464699
-160.295221
-160.991712
-170.000030
-166.820238
-173.451610
-172.378637
176.106117
-162.478893
-164.099723
-174.962193
-167.535043
-167.041976
-176.409617
-163.916591
-149.956831
-170.498368
-158.035897
-158.559515
-161.014420
168.944168
-178.848115
-171.271433
-168.547929
-169.304739
-179.193124
-175.251719
-169.255369
-166.421720
-178.617030
-177.180431
169.340244
174.650530
-167.916569
165.515967
-175.955251
-177.038714
-179.539541
-179.206708
-170.743486
-170.792398
-166.644579
-173.862176
-172.793390
-177.192844
-164.546075
-160.245105
-154.371309
-175.017044
-173.874049
-171.269602
-161.263389
-162.939903
-168.839283
-168.399038
-158.984526
-167.726114
171.083102
-173.510303
-170.194994
-176.451743
-175.847507
-172.860542
-178.974763
-155.550239
-151.024798
-160.924494
-157.102451
-152.662544
-155.938256
-164.931832
-171.245492
-161.071844
-164.488608
-152.326405
-153.785661
-158.063040
-158.671102
177.249552
-174.629829
-170.913762
-177.980088
178.691422
-166.314767
-167.785844
175.338939
179.262131
-179.259630
-175.570981
-173.728877
179.308792
-165.799150
-151.186990
-157.214632
-158.480269
-166.024580
-151.553652
-166.897849
-169.238793
-155.239821
-169.729448
-161.107820
-153.357230
-163.102948
-164.157506
-165.841587
-159.910039
-156.539570
175.722839
-164.943246
-162.018363
-173.636379
-177.842095
-171.742611
-173.764293
-174.244876
-165.247392
-170.020579
-171.838348
-166.856048
