-81.318609
-83.187939
-87.014040
-87.014367
-78.391662
-84.811499
-82.354971
-75.964317
-75.963801
-96.583732
-106.554034
-77.221668
-84.968697
-98.991043
-90.320983
-84.766266
-84.766391
-84.766460
-84.766115
-84.766233
-84.766310
-69.588526
-69.589234
-69.588972
-69.588984
-67.243688
-68.854195
-67.309693
-67.309781
-76.251068
-74.856784
-73.427220
-71.572292
-71.571307
-66.537411
-59.633034
-57.143036
-77.026599
-84.675663
-85.632842
-90.848880
-86.959744
-77.256161
-83.154881
-96.651580
-107.197896
-107.197442
-112.659536
-109.526648
-101.956843
-103.372056
-102.402294
-104.753420
-92.386089
-95.420397
-90.604865
-90.605061
-79.006084
-87.141537
-79.417673
-75.375425
-78.052226
-77.973039
-71.275612
-71.275432
-78.773735
-81.672679
-80.669191
-85.596304
-85.596243
-52.209490
-58.338464
-69.229899
-71.927937
-71.927777
-67.764990
-84.478164
-91.923978
-91.651614
-90.654836
-99.351282
-116.236352
-122.017840
-123.422463
-120.153008
-116.770959
-116.770355
-110.944851
-107.368950
-110.240119
-97.754504
-93.943605
-95.727202
-96.439443
-83.889611
-62.636969
-54.375199
-53.739872
-53.739139
-62.420907
-60.015683
-51.011556
-53.797971
-50.633741
-52.510441
-61.349747
-58.456693
-51.464027
-49.077486
-48.801667
-52.662055
-42.867482
-46.552826
-44.619530
-43.524304
-44.457046
-57.501783
-62.612368
-70.960356
-52.889945
-57.402296
-69.809044
-75.468635
-75.468506
-83.899805
-72.148315
-63.949496
-66.596531
-61.077667
-61.077811
-59.850188
-56.576896
-63.382426
-69.134366
-57.488838
-69.167340
-57.999212
-64.892567
-72.157274
-66.310604
-66.104756
-65.988006
-65.988058
-58.450142
-48.152321
-49.624661
-52.478625
-54.472253
-54.471841
-64.132369
-81.303890
-70.437470
-62.833024
-62.833811
-65.612320
-65.612480
-69.408474
-69.408392
-64.935719
-64.151460
-68.916637
-76.655490
-83.260910
-77.113191
-77.540388
-78.122710
-77.335936
-80.670234
-76.184067
-81.707690
-67.942311
-67.942228
-76.322419
-59.595927
-65.589203
-72.466123
-63.636302
-77.212287
-64.014291
-64.014875
-77.307975
-80.612049
-67.253165
-73.691433
-68.109246
-66.361452
-57.075812
-66.145942
-66.145780
-69.368144
-67.864362
-73.582556
-75.519645
-80.539250
-80.562985
-64.707229
-61.777677
-55.613582
-59.267013
-57.323674
-57.407082
-57.875959
-58.318094
-58.317658
-78.745406
-79.958494
-59.735263
-59.736142
-57.155222
-76.386359
-77.132218
-67.530233
-67.530048
-66.176617
-71.208479
-68.319805
-62.614349
-66.507701
-65.545872
-82.487965
-81.938138
-85.657508
-72.040047
-62.499692
-63.036496
-58.137368
-73.786881
-68.373657
-74.274318
-70.307968
-86.758647
-85.137630
-91.008018
-79.102875
-78.417117
-59.780176
-76.490747
-72.613780
-64.893539
-64.893921
-65.058051
-81.641398
-80.878444
-74.973065
-88.868787
-85.210760
-85.211264
-85.211300
-85.211367
-85.170607
-81.070570
-96.216068
-91.665035
-86.645582
-86.645572
-84.672036
-86.103280
-82.190677
-71.629388
-71.629287
-61.680743
-61.681197
-62.308146
-48.354929
-57.853457
-55.365867
-60.714924
-64.550810
-64.550765
-70.649751
-63.647656
-63.647599
-70.992888
-61.464082
-70.756398
-55.306825
-55.306831
-59.617813
-55.260746
-39.989003
-55.171050
-55.171501
-58.893390
-53.412404
-63.768558
-63.769142
-58.330811
-56.579970
-75.203682
-75.203604
-66.527709
-66.592206
-68.610246
-61.595378
-60.282512
-77.105511
-77.105888
-77.105732
-65.548924
-67.156137
-70.295547
-78.863679
-78.863732
-77.156894
-56.831877
-56.831835
-70.960537
-82.441809
-74.795024
-81.948989
-66.480805
-79.955583
-80.544822
-75.225652
-69.340967
-74.720338
-62.013815
-62.014136
-77.675290
-74.952417
-75.568134
-77.581460
-66.303681
-63.283252
-72.326216
-63.520990
-75.444623
-78.248397
-65.513147
-62.429027
-66.801308
-60.994841
-78.588104
-63.959212
-70.381273
-62.648804
-63.649041
-74.004548
-86.637328
-86.637756
-50.300834
-51.402440
-57.853610
-53.830082
-59.144854
-54.432342
-62.234913
-63.826108
-72.958208
-63.189899
-76.564445
-58.880538
-49.411330
-55.213505
-69.523493
-67.122553
-60.785107
-74.848266
-79.688677
-79.518133
-85.786248
-80.504865
-93.991602
-92.969489
-83.819715
-70.784128
-72.772286
-76.265446
-73.719468
-73.719121
-81.177083
-76.341812
-76.341088
-79.619501
-76.086373
-82.025169
-98.147312
-78.881486
-84.358330
-82.464818
-82.464922
-75.302822
-90.444366
-83.016738
-88.119211
-84.290874
-90.456384
-84.424465
-84.423903
-84.423878
-84.424099
-99.366842
-90.536953
-72.767469
-85.041764
-75.980215
-72.441458
-62.959507
-56.582538
-58.692239
-54.420067
-61.573342
-90.794214
-87.113141
-87.113585
-87.113352
-89.524176
-90.158344
-91.733666
-91.733558
-81.151002
-77.095807
-77.095683
-77.095642
-72.738662
-81.610334
-81.610626
-86.987042
-67.537222
-72.302593
-79.023303
-79.023481
-84.543314
-96.265563
-92.413469
-92.412932
-68.983277
-68.264748
-84.310992
-103.333408
-98.170071
-80.901804
-71.295219
-76.845232
-83.648199
-86.516750
-103.425428
-100.931295
-100.930497
-100.930714
-100.931292
-92.534803
-93.655178
-84.476740
-86.735701
-88.459299
-76.439637
-80.377006
-89.338281
-79.223289
-68.202439
-68.202102
-71.750444
-71.750518
-71.792268
-72.013414
-72.932650
-72.306949
-74.598940
-74.598463
-76.131352
-75.404058
-69.030774
-63.239690
-79.633713
-82.830611
-82.830513
-81.898022
-74.178042
-84.499031
-82.202531
-84.780357
-83.152532
-84.015301
-79.953677
-65.428792
-74.853644
-66.438693
-68.393181
-63.666437
-70.840039
-79.455629
-72.605499
-72.605263
-73.791672
-64.702273
-54.738683
-21.196622
-27.999313
-24.986297
-58.761064
-58.761972
-58.587999
-87.302743
-87.303096
-79.577382
-80.967821
-80.968366
-80.968404
-74.334282
-78.333977
-91.605733
-74.694775
-67.377887
-62.339884
-58.750822
-67.281282
-57.336868
-61.411321
-61.411075
-70.872071
-83.241222
-88.028962
-82.460284
-82.459543
-88.443190
-70.623680
-75.001538
-81.524833
-79.330827
-80.338686
-83.594494
-73.918047
-73.223903
-63.816027
-72.851634
-65.322611
-65.323682
-77.954006
-59.757569
-57.286993
-67.258168
-67.258639
-67.259301
-71.239352
-62.404746
-70.333410
-70.904786
-67.717859
-78.056308
-71.246289
-79.325505
-85.268418
-84.537737
-77.675849
-80.203326
-80.203251
-85.842656
-85.842555
-73.284345
-71.675550
-77.156467
-74.939922
-79.927357
-86.942306
-81.934732
-81.935321
-81.964319
-82.848858
-68.673574
-66.254803
-83.943650
-80.145979
-80.145979
-80.146744
-79.024909
-92.081454
-86.756307
-93.759028
-90.397570
-76.706074
-94.011735
-87.323437
-98.819110
-104.315813
-112.367184
-81.087630
-91.160467
-86.546556
-101.327079
-95.956342
-95.956004
-93.494940
-93.494217
-101.757666
-92.287996
-107.550795
-97.830477
-109.267138
-93.061644
-94.738337
-78.648631
-92.466727
-92.668211
-93.864429
-94.990759
-104.351184
-101.697053
-101.697419
-98.032891
-101.812588
-101.812434
-96.447946
-84.183607
-70.848973
-76.823149
-76.823761
-86.356884
-98.702848
-98.802029
-90.054229
-87.009955
-92.095990
-92.095823
-96.960501
-109.589252
-98.413519
-93.613172
-93.613368
-84.862664
-88.698851
-94.720159
-103.569599
-102.957045
-97.471568
-101.031316
-102.489792
-103.419092
-94.633764
-84.284588
-84.284357
-84.285144
-64.207540
-63.877621
-61.134898
-49.355307
-60.254362
-60.254035
-59.301430
-59.300980
-61.091251
-62.006713
-69.155149
-67.452170
-74.508942
-79.542339
-84.767905
-91.923124
-101.250842
-86.906473
-95.726793
-76.444994
-63.875363
-61.630347
-61.630049
-75.653534
-74.553428
-71.522593
-71.866980
-77.851644
-77.926249
-61.396290
-61.396071
-69.290663
-69.290890
-81.516374
-78.184843
-78.185097
-73.601242
-70.593363
-70.593090
-70.593428
-70.593272
-70.610173
-70.610298
-63.117966
-67.917667
-71.387897
-81.164709
-70.560082
-74.954902
-66.923590
-64.006432
-58.704963
-61.832213
-66.774702
-74.706721
-70.862663
-77.188949
-78.869904
-84.197384
-66.938878
-65.069826
-68.930239
-69.845318
-82.848946
-69.402122
-71.010973
-73.075232
-81.064365
-88.900557
-57.403460
-71.152298
-70.492029
-71.371759
-66.645080
-66.645158
-66.289976
-60.146701
-85.998726
-71.976379
-70.406411
-71.481138
-71.481158
-71.481455
-71.480661
-82.562999
-88.130692
-66.155909
-76.858225
-84.600812
-91.247679
-79.860184
-87.458139
-87.458297
-89.559126
-111.912445
-111.912379
-127.325043
-97.944300
-100.939782
-57.968555
-83.427736
-83.427965
-83.399169
-74.254173
-80.427596
-80.426767
-75.874734
-77.050802
-80.180294
-75.970549
-74.807404
-69.074875
-71.587688
-73.850023
-73.161619
-80.703065
-80.703182
-82.638862
-82.639062
-86.853089
-86.853662
-89.402817
-101.626442
-101.626427
-91.448425
-91.448774
-88.393825
-81.535170
-81.534965
-74.748055
-68.179159
-68.179725
-68.179225
-65.721788
-71.134571
-71.134692
-71.133887
-71.134483
-73.751380
-77.209604
-71.528966
-68.193461
-72.103636
-67.956424
-71.871567
-67.673922
-71.401347
-71.401331
-71.401331
-71.401132
-73.092899
-76.311467
-76.311106
-81.572734
-81.572163
-81.572413
-81.572557
-81.572843
-77.710493
-76.683498
-88.730546
-88.730953
-78.804982
-72.751244
-70.329957
-81.080172
-83.101686
-82.088734
-78.632865
-69.312999
-71.422199
-68.987755
-74.187185
-87.661512
-75.492642
-85.293710
-83.193767
-75.313333
-77.006445
-90.979000
-70.754459
-68.788015
-69.110282
-82.719616
-98.668058
-91.720819
-91.968278
-70.368802
-63.982532
-79.545671
-79.546503
-73.988065
-86.485205
-78.972855
-87.272980
-89.428874
-78.903992
-74.627342
-73.511356
-80.910000
-59.497500
-68.753953
-58.778724
-58.778822
-64.584417
-65.112376
-74.725837
-82.153979
-78.940247
-79.612257
-79.612278
-94.378913
-101.719709
-102.143625
-102.144095
-102.143664
-86.039072
-92.214830
-78.674345
-85.746372
-82.324293
-60.034644
-59.801913
-59.622001
-58.725387
-83.849906
-80.711404
-79.360026
-79.769612
-89.510074
-76.704489
-80.502354
-78.064454
-78.646117
-81.246584
-89.962969
-87.992511
-99.745398
-104.019761
-104.019515
-104.019253
-111.921892
-111.922165
-109.646004
-97.181271
-97.180703
-100.117313
-99.979723
-92.753593
-97.388351
-98.392399
-92.443349
-121.041991
-111.142925
-101.720124
-106.567303
-121.430668
-111.511043
-111.510935
-113.366051
-97.184502
-87.574257
-88.288195
-96.132747
-82.271975
-89.587098
-85.607556
-77.997576
-70.116818
-67.913999
-57.877964
-66.685329
-75.580474
-76.042989
-76.043744
-76.042783
-92.369908
-87.722439
-88.758730
-83.962483
-77.735139
-92.381063
-91.515579
-91.515421
-74.974110
-92.921586
-94.125922
-94.125955
-98.892251
-90.171364
-95.632250
-97.516243
-97.515989
-85.960674
-79.392555
-86.113593
-84.927807
-69.209584
-62.616869
-83.346650
-83.443241
-71.995202
-87.691759
-73.951594
-85.948107
-89.796726
-89.796457
-94.603934
-98.437827
-104.065714
-115.394754
-101.023689
-101.023363
-100.696164
-93.989642
-89.103584
-83.696871
-83.697189
-85.798030
-89.456842
-73.579317
-98.344680
-97.987830
-88.074012
-92.637269
-85.697364
-81.987357
-76.318310
-78.599959
-80.959299
-80.960706
-70.979231
-80.491959
-69.856877
-70.811563
-78.632043
-59.411628
-69.766481
-75.417011
-63.730379
-82.924182
-78.311047
-78.310776
-81.585347
-72.309611
-72.254793
-72.254007
-68.735970
-63.835241
-64.220956
-75.178818
-70.500607
-70.500205
-73.763035
-65.732222
-77.525343
-77.526028
-73.456766
-76.794285
-69.896051
-69.630500
-86.874337
-80.839500
-87.061697
-68.644525
-78.995900
-84.775921
-97.697483
-97.082687
-106.520025
-108.430590
-125.699453
-93.348948
-79.823114
-105.166036
-106.603828
-111.043344
-103.193258
-109.155749
-109.155823
-119.103212
-119.102786
-104.716106
-107.660020
-107.659645
-98.464007
-101.261164
-93.285069
-99.257703
-112.539608
-111.993004
-118.633313
-118.633195
-129.109624
-114.635639
-111.694811
-110.227438
-110.227493
-112.984490
-112.985068
-118.960620
-135.776066
-134.826555
-119.736034
-126.687041
-137.848696
-150.485967
-145.485056
-141.382788
-132.198569
-117.718739
-117.719296
-116.393974
-119.237253
-120.673143
-120.672970
-120.673188
-119.317508
-114.739543
-114.739098
-114.738301
-107.974376
-102.174301
-102.174100
-106.531101
-103.389792
-106.434807
-104.328483
-104.328473
-98.806834
-98.807326
-104.054659
-99.174408
-106.274661
-97.459443
-85.344088
-84.917784
-81.853773
-79.723351
-74.667170
-85.671941
-68.602977
-68.602636
-64.920268
-64.919865
-60.930364
-76.762806
-79.728503
-87.280682
-87.281528
-87.281689
-79.158662
-73.278445
-73.323356
-52.475467
-64.535002
-62.396508
-64.753021
-65.950809
-54.145016
-56.271647
-52.382557
-52.382359
-54.321701
-57.958498
-57.958517
-51.762713
-51.763217
-52.430145
-60.149771
-59.941109
-51.926776
-51.926625
-57.727294
-48.254053
-46.320350
-58.579217
-72.195829
-67.246808
-60.341454
-56.163492
-55.695726
-65.747474
-63.171653
-70.748303
-71.031149
-68.507815
-56.147075
-56.147079
-60.043614
-58.201739
-63.590393
-54.338731
-56.139303
-56.140127
-53.953488
-52.653370
-53.418725
-62.564893
-58.780728
-71.843799
-78.358122
-78.357902
-59.809244
-59.809802
-72.270745
-67.528991
-67.529275
-58.223455
-64.694346
-57.949862
-58.384088
-61.157639
-61.158468
-61.158331
-61.157702
-63.729223
-63.729930
-63.730499
-63.729747
-63.729590
-63.729650
-63.730381
-63.729924
-65.314916
-65.314222
-65.315115
-79.148721
-75.966109
-81.790800
-81.790642
-74.318643
-89.714018
-89.714102
-86.394646
-84.059485
-98.825003
-91.821985
-91.821665
-86.859973
-88.499200
-88.499690
-87.003447
-79.594886
-79.595276
-82.084868
-67.249022
-65.171075
-72.085251
-75.328203
-65.524450
-64.194682
-64.195421
-59.977585
-59.253246
-78.261002
-69.249158
-81.656831
-84.885255
-104.220614
-88.977883
-88.977646
-93.810707
-93.810493
-82.085336
-78.163889
-81.424066
-93.213838
