165.681899
162.355548
164.193794
170.611869
164.881204
172.850469
168.106467
157.293244
157.567604
163.755627
162.351951
141.110926
139.747966
152.914982
154.604217
87.309239
104.374742
72.777680
87.288779
74.915042
87.182764
69.957607
82.128374
81.382795
80.683663
78.760451
75.142071
59.326163
64.045373
49.252790
56.686230
54.246135
41.695772
49.582706
52.524544
58.495991
63.403444
56.816458
53.385261
54.837733
39.981667
51.141719
52.226552
45.985340
55.337353
57.160407
55.407965
53.221637
54.573617
47.025180
50.571480
49.979565
49.623029
50.591118
57.939567
51.812292
54.400573
61.210902
52.101908
42.337110
19.679544
55.408514
47.404637
58.402047
68.941175
57.916979
54.314503
44.008162
52.366631
49.267426
46.638683
42.504877
39.408851
28.953062
65.764527
40.191888
48.270529
50.325550
46.223545
48.000076
38.152049
61.842218
54.538148
55.321872
56.212863
64.610364
45.287559
52.949395
54.355049
55.605680
50.663776
49.228959
46.986965
61.290120
57.885259
57.885083
50.261815
64.169847
71.083333
56.170673
64.594157
79.196973
86.885513
78.224533
68.592301
48.919404
79.216740
65.466479
87.676617
62.915381
61.614351
84.079696
60.145010
76.729499
67.418399
65.066507
76.879753
52.872179
72.114207
50.630479
50.364160
41.195495
61.619869
36.443731
58.557315
58.020916
52.697014
55.602043
43.946394
49.671038
43.174498
61.356998
64.535386
59.787502
58.223233
47.296008
58.856904
58.349054
54.094890
52.597874
48.278259
63.452968
35.889486
55.513188
41.126852
43.930209
62.998566
39.134304
38.808935
47.491813
38.606905
30.406902
28.971708
40.479518
45.217249
51.689325
36.193326
31.600497
48.920583
38.534277
58.240730
39.020166
57.612391
38.269121
46.450764
48.567731
44.800474
43.992809
38.679761
46.783932
32.883839
61.412837
56.177219
52.264783
46.869528
37.499578
44.395988
42.140529
30.870894
39.217792
59.739245
53.449787
41.378427
51.138691
43.178437
59.262171
38.660384
39.963843
18.835040
-0.000026
13.054614
47.744671
54.791238
55.215794
50.584337
53.293461
65.925613
47.125830
53.528145
61.956739
50.987406
39.859678
39.068633
49.256780
39.117593
39.751112
66.362623
56.149224
34.137723
47.259269
46.686600
60.773418
29.737980
39.277365
32.106068
39.699614
40.804224
63.155977
42.527989
51.547559
61.532357
64.311272
44.163447
43.979160
71.793219
65.490950
56.563033
57.982273
71.905250
49.431009
61.459900
49.922764
50.471593
59.428211
66.748929
64.499771
35.574905
54.435619
52.047936
41.460762
50.841802
53.413139
57.391572
48.906632
68.334079
54.018737
41.921257
30.760056
48.017166
44.572666
61.140814
41.271351
51.195211
35.058896
67.481327
44.117592
44.665663
45.125604
38.443877
51.337148
31.744341
53.919400
37.493410
40.110289
25.230682
41.676989
53.751640
44.517633
55.654414
45.214263
39.073051
38.620702
42.098379
59.131549
40.240938
37.859281
20.363218
42.586043
29.866073
42.180581
29.110282
57.243281
40.798916
56.175231
36.038194
37.459507
14.903667
16.007491
30.247652
43.208511
45.263059
21.255593
13.150855
-15.656513
18.186237
30.210988
34.294997
19.543078
39.366684
44.383367
54.326119
31.529517
6.416332
46.403476
60.566507
68.481687
39.596364
29.936636
49.182610
62.226459
47.092280
53.172771
71.452033
80.696288
63.260635
63.272517
54.694163
70.238808
67.931727
62.874494
47.510221
46.600941
57.380932
56.474936
44.590638
59.697340
46.189562
46.667585
48.402369
43.688444
54.540957
71.443723
45.958833
43.494805
41.902171
49.391190
51.436772
50.111732
41.382014
60.976206
64.914501
51.521256
51.556092
55.497036
47.696854
55.072770
48.927702
60.594889
53.395964
52.521723
56.271748
46.223051
59.972792
41.485541
27.734544
54.818928
20.020795
18.199010
22.916741
44.702868
47.844458
37.488452
56.603830
49.237050
45.606223
58.186636
60.364812
35.345091
47.743108
54.748358
41.216800
43.784889
49.209427
48.793150
53.987278
42.139179
52.336962
43.579435
50.167788
22.735504
39.882184
45.280949
43.673055
35.972319
56.472554
60.083306
46.637514
46.201955
44.231803
45.999467
32.458631
39.587453
40.899221
35.112490
37.246986
40.378582
45.754707
32.493885
59.000502
57.338680
51.142841
47.797323
48.254372
45.548534
57.397466
14.588302
36.675875
45.466856
43.802146
37.368646
34.409460
42.736873
45.850225
36.302959
40.591987
41.015655
25.225505
37.409978
35.743898
44.669542
44.340641
53.239369
49.930355
54.237510
37.030430
33.978427
37.279127
29.374190
15.576395
29.529570
18.102115
37.645052
25.978282
38.379749
44.428218
42.552859
49.410912
52.601239
57.934330
45.305383
46.775951
67.929443
62.814249
70.621349
57.321434
51.712275
55.072625
57.513879
56.937422
55.659283
51.794884
57.185430
48.229306
56.029401
41.935344
50.752498
69.630002
76.188486
71.995263
68.605524
57.669224
60.237234
53.032108
45.608569
38.011541
58.203084
43.693072
52.581653
52.587602
53.457692
61.322814
43.335213
52.031741
65.491940
61.738522
41.844644
48.064154
52.113878
63.395785
52.014738
48.840594
62.067872
62.068120
60.626578
60.269943
48.668131
56.219513
31.950997
48.666330
38.255615
54.063807
51.320133
58.838494
48.770306
43.138680
50.644466
34.064571
34.686565
19.621961
2.229434
39.172737
39.474806
32.362215
40.219485
44.624009
32.921036
53.388702
41.595926
50.769968
52.795513
64.680846
75.482196
44.878873
59.560910
56.484129
57.864606
61.388069
52.304551
56.621840
36.749202
45.683400
38.329025
40.287395
66.939600
71.822715
58.869547
39.316283
38.697139
45.515441
34.068687
26.693362
34.432505
38.414091
47.059062
44.418669
64.122133
51.097456
34.575673
53.406196
57.779149
49.694940
44.412022
53.886910
40.210100
59.740320
48.604533
66.138080
47.762247
67.722861
62.902789
69.421601
67.791854
54.336957
46.728386
51.963650
63.650544
45.033062
49.294165
69.124593
78.177564
60.254191
74.237018
61.860285
74.665347
68.280665
61.547073
75.460599
63.124515
63.019029
67.964614
61.268628
52.517112
51.001451
56.037597
64.108854
77.495010
77.370012
59.522908
71.689306
71.333877
63.761291
71.705383
63.945842
57.809043
59.329429
45.925965
65.692239
74.606397
76.220777
61.385218
64.534750
71.354551
74.676021
66.773082
70.786641
60.232008
53.307100
48.487028
64.806730
64.079799
72.397420
64.709441
53.277412
71.708268
66.427779
68.578843
70.681405
70.379632
57.765183
67.088624
60.147739
58.808409
59.046934
63.485111
61.076650
60.406790
73.999014
64.473238
62.022778
55.467144
68.956942
65.502969
55.143027
72.384859
77.888974
56.890208
50.874094
65.364103
53.608334
45.678823
42.565031
55.929699
58.728466
91.415150
68.071283
53.200704
56.063540
59.051730
54.115288
64.883218
54.543055
54.558738
52.588236
42.113538
45.856137
40.807332
47.234546
38.599996
50.861801
59.422528
63.585770
53.585646
41.664515
48.161290
62.940018
23.901847
55.062218
48.810554
47.394492
60.544970
37.598785
50.966209
53.588818
67.338573
50.984045
62.609928
48.827820
59.090766
51.382167
71.728828
61.343336
69.117244
69.164124
50.743512
54.302644
65.659124
58.003715
61.108061
61.785890
72.464847
51.886641
63.678651
48.181966
65.521630
63.139763
63.286394
41.747611
54.233056
56.582694
54.844843
33.080429
41.206983
67.796746
82.014122
59.112242
71.248373
59.777387
56.798766
53.427268
56.548004
64.873853
63.263297
54.964325
51.492771
56.200491
68.286496
51.542838
61.938677
62.141432
44.327937
48.276994
6.862696
24.619643
7.228675
36.257592
36.151871
36.719622
49.034252
56.914725
49.895771
51.830902
58.244666
59.688958
60.732278
39.100210
53.210338
47.959475
60.974929
58.872173
41.089759
50.401189
62.278970
65.988799
54.680101
59.745909
55.570479
50.089491
64.973902
56.993115
60.703992
69.715696
65.624956
70.462436
54.985627
58.754311
72.117551
73.332584
64.095396
54.727075
57.362031
54.531452
57.393327
60.106862
56.452334
57.265962
72.259446
61.813433
51.424768
65.109678
64.554303
78.488730
76.262841
77.005426
69.375156
59.446595
77.009898
78.148498
62.151209
69.988911
59.920266
79.087621
62.563645
73.283782
71.563209
62.438846
74.058541
81.039166
74.506800
81.757330
70.405939
69.413625
69.774651
61.434492
71.333210
66.278452
52.404545
49.276480
54.944156
64.309788
48.277309
35.844654
53.338139
51.421385
25.129365
44.274393
45.451712
47.769044
44.716821
62.186441
36.836270
40.979982
19.406135
54.869013
49.926799
61.768521
52.773371
29.754989
50.066525
65.969654
49.550106
44.745382
45.551818
24.650499
65.414407
51.246528
59.230486
60.251212
15.064914
53.685515
55.017166
41.887853
47.233386
43.559276
60.107248
36.297857
31.223170
42.925587
41.586104
58.309509
51.988852
38.835775
36.862126
33.496945
38.976015
44.208855
48.244652
45.359311
57.444944
64.267798
62.685387
53.200991
52.999341
34.385297
36.403949
47.609451
62.929611
26.509972
47.414440
37.017422
43.451627
28.573252
29.524352
38.754634
51.932269
39.395650
30.236774
35.956693
30.713324
27.735102
32.839483
35.628971
50.101055
41.389320
18.951884
34.776577
31.080325
47.741782
47.544623
51.441215
52.876250
35.204896
33.358543
35.229413
46.909095
43.631958
58.428552
38.726525
43.265052
38.959236
48.232898
49.890259
36.552990
45.551765
59.069825
60.264782
47.176074
61.784783
40.412329
51.877434
46.063146
56.715954
58.898834
50.579877
45.376942
54.545764
51.401670
50.345245
61.989097
51.259180
56.911603
52.202127
56.955515
57.794199
58.648578
67.479768
56.704829
66.844347
55.606921
73.846693
50.848817
37.831470
55.643844
71.310874
52.441239
57.076135
60.138769
53.336296
57.480420
61.589972
71.660338
53.628751
42.845887
60.728424
58.134026
54.493275
50.395564
49.822308
41.937939
38.527002
56.848620
64.760594
59.887911
56.601591
56.681858
64.383953
54.676750
49.551939
53.872881
49.270969
62.151833
59.410769
59.038126
68.948377
70.721043
77.016679
72.392240
60.470567
60.648778
51.197956
58.057840
64.565855
50.898988
56.954728
63.982681
44.980351
50.636104
52.100928
48.841482
43.529071
53.937510
40.851898
54.201123
68.660054
57.202132
43.856222
65.079201
42.062702
49.725565
53.735680
56.988079
58.174707
53.114418
55.777885
60.707192
45.586583
46.653830
51.155094
34.271360
51.997455
41.192487
62.100328
46.019518
44.046074
56.204008
56.767838
44.475632
52.562444
39.271321
43.241361
40.080068
52.898948
38.721105
37.764317
56.702332
61.968458
48.433469
56.650019
57.013816
56.849838
51.196977
58.438422
44.041177
47.338243
50.414233
49.406816
47.792392
35.310003
46.193931
54.660227
44.889390
47.195434
34.091121
37.768557
44.831157
51.854054
55.127589
47.692042
62.734437
49.138377
45.231903
54.854995
51.971034
62.491483
63.993590
57.064930
59.797441
52.564397
59.887428
51.317621
55.008356
58.354193
71.312437
53.502448
56.684813
58.583282
53.021500
51.222445
55.733319
47.858036
59.254716
55.236622
68.618339
60.456316
58.642881
52.969677
69.892292
61.500295
62.247493
59.094304
74.295160
65.197745
69.721923
69.418450
66.159358
63.877061
58.243065
57.781299
56.286818
62.092865
57.145448
66.509564
62.982810
48.996057
51.132886
44.099526
54.027660
52.284120
41.794525
60.757862
48.755465
45.644288
44.810337
56.787073
54.981824
54.309462
54.281894
57.941605
43.155643
45.000741
63.928950
60.246529
62.623269
54.400039
50.027738
57.003214
60.349303
52.275082
43.047047
53.719538
52.373808
45.233971
46.209603
53.667918
39.889700
44.481754
46.016688
49.306008
39.097347
57.706477
49.526795
62.467656
43.949703
51.010984
57.389371
62.895460
59.136800
72.633773
65.654308
31.906425
42.301267
38.708284
51.684801
75.133909
58.629000
53.329442
53.736165
40.668243
49.630194
63.236428
55.224221
44.595429
18.402806
36.269986
26.852032
36.582872
43.928344
31.009271
55.221447
48.427840
48.665571
47.588877
73.820733
54.502823
51.043087
52.753037
57.702094
70.727591
55.560024
53.274167
70.164033
62.595361
63.688818
47.534571
63.436774
53.736502
37.539242
52.228331
50.904355
45.987044
53.468266
39.428952
34.495096
48.879014
58.612767
48.586282
48.494928
47.630080
49.438480
57.154833
54.843658
49.049292
63.910157
56.992369
57.890034
60.119118
51.585172
44.674746
62.754218
45.806492
43.467824
48.564293
60.161186
58.096759
45.919025
64.318734
65.689140
61.101031
56.868933
48.023778
67.196084
67.039148
70.158470
52.247551
69.240276
58.766968
66.187784
60.873595
63.218146
55.843039
57.606617
47.855007
54.774087
46.542309
44.238544
39.710693
50.870900
54.352816
61.115307
53.085480
54.133714
