95.827425
93.957852
90.131506
90.131194
98.754220
92.334063
94.790279
101.180893
101.181187
80.561860
70.591546
99.924581
92.176861
78.154287
86.825076
92.379910
92.379237
92.379068
92.379498
92.380082
92.379349
107.556435
107.556660
107.556290
107.556741
109.901416
108.290780
109.835279
109.835853
100.894203
102.288498
103.718149
105.573619
105.573421
110.608220
117.512105
120.002856
100.118824
92.469699
91.512203
86.296822
90.185814
99.889316
93.990716
80.494271
69.947392
69.946868
64.486395
67.618205
75.188202
73.774147
74.743955
72.391442
84.760247
81.724926
86.540906
86.539716
98.140114
90.004811
97.728249
101.769604
99.093049
99.172319
105.869917
105.870325
98.371622
95.472825
96.476904
91.549160
91.549715
124.935542
118.807183
107.915458
105.217667
105.218393
109.381097
92.667263
85.221948
85.495077
86.490902
77.794298
60.908614
55.127490
53.723181
56.992249
60.374150
60.375374
66.200544
69.776746
66.905892
79.391104
83.202512
81.417921
80.705960
93.256092
114.508365
122.770302
123.405862
123.405643
114.724510
117.130002
126.134451
123.346914
126.512711
124.634463
115.796396
118.689474
125.681375
128.067692
128.344153
124.483670
134.278279
130.592342
132.526594
133.620908
132.688720
119.643514
114.533191
106.185311
124.255079
119.742467
107.337060
101.676996
101.677261
93.246074
104.997351
113.196112
110.549619
116.067431
116.067899
117.294677
120.568451
113.762519
108.011821
119.657006
107.978214
119.146127
112.252113
104.988435
110.835106
111.041314
111.157554
111.157425
118.695223
128.993729
127.520568
124.667218
122.673134
122.673367
113.014325
95.841104
106.707912
114.311880
114.311350
111.533498
111.533327
107.736992
107.736846
112.208826
112.994015
108.228267
100.489096
93.884570
100.032244
99.605258
99.022305
99.809521
96.475568
100.961567
95.437617
109.203041
109.202601
100.824148
117.550259
111.556838
104.679566
113.509559
99.934006
113.130874
113.131308
99.838534
96.534382
109.892835
103.454320
109.036119
110.783973
120.070037
110.999644
111.000016
107.777143
109.281100
103.562371
101.625987
96.606272
96.582728
112.438080
115.367740
121.531894
117.879369
119.822432
119.738404
119.269860
118.827814
118.827611
98.400652
97.187485
117.410115
117.409602
119.989761
100.759643
100.013250
109.615671
109.615979
110.968827
105.937205
108.825902
114.531689
110.637201
111.599518
94.657199
95.206889
91.488677
105.105822
114.644623
114.109379
119.007858
103.359223
108.771961
102.871626
106.837516
90.387116
92.008229
86.137613
98.043195
98.728167
117.364874
100.655319
104.532084
112.251063
112.251282
112.087179
95.504155
96.266777
102.172033
88.276841
91.933924
91.934178
91.933607
91.934048
91.975581
96.074879
80.928755
85.480819
90.498830
90.499435
92.473101
91.042469
94.954761
105.516403
105.516381
115.464916
115.464658
114.837641
128.791508
119.292284
121.779820
116.430220
112.594303
112.594957
106.495829
113.498291
113.497348
106.151808
115.682320
106.389488
121.839332
121.839104
117.526843
121.885168
137.157473
121.974504
121.974504
118.253107
123.733515
113.376696
113.376959
118.814552
120.565411
101.941640
101.941738
110.618107
110.553024
108.535603
115.550371
116.862559
100.040094
100.039938
100.039792
111.596679
109.989389
106.851290
98.281870
98.281702
99.988311
120.314290
120.313482
106.185461
94.703739
102.349848
95.197274
110.664750
97.190221
96.600359
101.920564
107.804690
102.424757
115.131512
115.131585
99.470387
102.193468
101.577445
99.564232
110.841175
113.862145
104.819811
113.624178
101.700945
98.897315
111.632131
114.716526
110.344913
116.149988
98.557780
113.186285
106.764456
114.497133
113.496084
103.141318
90.508590
90.507440
126.845177
125.742571
119.291180
123.315889
117.999957
122.712982
114.910386
113.318852
104.187690
113.955480
100.581371
118.264502
127.734543
121.931207
107.621258
110.022877
116.361301
102.296268
97.456976
97.628236
91.359822
96.639950
83.153657
84.176427
93.325552
106.361087
104.373698
100.879750
103.426273
103.425781
95.968476
100.804866
100.804565
97.526107
101.058338
95.119734
78.998409
98.263087
92.787763
94.680031
94.680439
101.842915
86.701956
94.129476
89.026833
92.854498
86.689066
92.721888
92.721545
92.721601
92.721834
77.778952
86.607801
104.377731
92.103814
101.164287
104.704258
114.186732
120.563150
118.452166
122.725272
115.572230
86.351848
90.032757
90.032378
90.032195
87.620731
86.987630
85.411230
85.411991
95.994229
100.050686
100.050405
100.049824
104.406292
95.535168
95.535504
90.158355
109.609434
104.842872
98.122082
98.122149
92.601807
80.880550
84.731258
84.731836
108.161766
108.881000
92.833839
73.811678
78.975150
96.243208
105.849965
100.300193
93.497456
90.629254
73.719363
76.215169
76.214098
76.214687
76.214278
84.611352
83.490872
92.668435
90.409281
88.685941
100.706159
96.769021
87.807087
97.923191
108.943555
108.943235
105.395386
105.395012
105.353551
105.131501
104.212696
104.838335
102.546416
102.546505
101.014381
101.741921
108.114670
113.905751
97.512290
94.315301
94.314714
95.248523
102.966864
92.647458
94.943117
92.364256
93.992746
93.130419
97.191341
111.716279
102.291724
110.705878
108.752634
113.479356
106.306006
97.690285
104.539330
104.539507
103.354337
112.442448
122.407022
155.949279
149.146045
152.158631
118.383933
118.383963
118.556895
89.842660
89.842635
97.567639
96.177316
96.177208
96.177385
102.811287
98.811604
85.539920
102.450932
109.768135
114.806301
118.394726
109.864494
119.809376
115.734101
115.735118
106.273851
93.904268
89.116384
94.686009
94.685243
88.701856
106.522489
102.143887
95.620447
97.814893
96.806843
93.551157
103.227855
103.921877
113.329668
104.293312
111.822782
111.822780
99.191545
117.387584
119.858593
109.886859
109.886786
109.887038
105.905612
114.740596
106.812507
106.241162
109.427631
99.089434
105.898921
97.820284
91.876531
92.606928
99.469023
96.942011
96.942321
91.303066
91.302791
103.860662
105.469788
99.988575
102.205520
97.219077
90.202657
95.210482
95.210243
95.181418
94.297482
108.471809
110.890426
93.200929
96.999006
96.999187
96.999155
98.120717
85.064178
90.389184
83.386321
86.748816
100.439807
83.133521
89.822655
78.325536
72.828895
64.778041
96.057421
85.985315
90.599809
75.818849
81.189683
81.188926
83.651845
83.651232
75.387946
84.857138
69.594371
79.315835
67.877989
84.083218
82.407187
98.496836
84.679334
84.477846
83.280638
82.154641
72.793984
75.448765
75.448841
79.111915
75.333239
75.333289
80.696961
92.962195
106.297199
100.321830
100.322466
90.788446
78.441927
78.344273
87.091430
90.135546
85.049121
85.049725
80.185313
67.555532
78.731703
83.532939
83.532243
92.283091
88.447594
82.424703
73.575351
74.187335
79.673147
76.113985
74.655421
73.726090
82.511504
92.861064
92.860348
92.860937
112.937750
113.267855
116.011102
127.790925
116.890843
116.891666
117.844533
117.844622
116.054832
115.138823
107.990178
109.694108
102.636451
97.603343
92.377790
85.222715
75.894221
90.238648
81.419414
100.699720
113.269612
115.514775
115.515767
101.491843
102.591466
105.623193
105.278136
99.294908
99.219267
115.749624
115.749975
107.854038
107.854861
95.628798
98.959833
98.960365
103.544218
106.552348
106.551753
106.552346
106.552196
106.534952
106.535160
114.027932
109.228561
105.756807
95.980389
106.584631
102.191122
110.221735
113.138839
118.440302
115.313569
110.370094
102.438484
106.282954
99.956895
98.275724
92.947983
110.206394
112.075666
108.215659
107.299600
94.296042
107.743961
106.134264
104.070337
96.080169
88.245958
119.741946
105.992932
106.653867
105.773584
110.500266
110.499512
110.855150
116.997960
91.146555
105.168939
106.739187
105.664574
105.664574
105.664275
105.664554
94.582829
89.014620
110.988981
100.287028
92.544408
85.898169
97.285003
89.687650
89.687757
87.585422
65.232615
65.232545
49.820042
79.201124
76.206062
119.177040
93.717535
93.717623
93.746530
102.892567
96.718575
96.718782
101.270900
100.093916
96.965586
101.174696
102.337720
108.070859
105.558477
103.296184
103.983180
96.442021
96.442803
94.507277
94.507076
90.292991
90.292823
87.743143
75.519564
75.518665
85.697212
85.696993
88.752327
95.609625
95.610412
102.396858
108.965901
108.966565
108.965744
111.423951
106.011295
106.011361
106.011297
106.010867
103.394088
99.936032
105.615939
108.952742
105.041699
109.189841
105.273834
109.471410
105.744073
105.744143
105.744143
105.743447
104.051909
100.834374
100.834496
95.572760
95.573066
95.573066
95.572786
95.572974
99.435179
100.461874
88.415115
88.413976
98.341016
104.393447
106.815600
96.065794
94.042872
95.056097
98.512178
107.833080
105.723148
108.157590
102.958231
89.484492
101.653459
91.851893
93.951916
101.832552
100.139351
86.165834
106.390313
108.357184
108.035794
94.426230
78.477862
85.425488
85.177381
106.776201
113.163234
97.599720
97.600245
103.157066
90.660676
98.172639
89.872337
87.716771
98.240854
102.518159
103.635215
96.236154
117.647982
108.391035
118.366507
118.366330
112.560451
112.033458
102.419491
94.992186
98.205528
97.533211
97.532876
82.766277
75.425561
75.001041
75.002208
75.002244
91.106478
84.930812
98.470881
91.399594
94.821196
117.111381
117.342682
117.523858
118.419911
93.294932
96.434075
97.785419
97.376003
87.635133
100.441021
96.643892
99.081163
98.498879
95.898537
87.182023
89.153518
77.399232
73.126188
73.126570
73.125203
65.224233
65.223601
67.499470
79.963443
79.963929
77.028915
77.166068
84.391980
79.755999
78.753063
84.702633
56.104234
66.003645
75.425746
70.578765
55.715229
65.634327
65.633716
63.778956
79.961381
89.571256
88.856325
81.013621
94.873621
87.558714
91.537398
99.147654
107.028675
109.231495
119.267375
110.460427
101.564605
101.102702
101.101915
101.102676
84.775676
89.422691
88.387083
93.181760
99.410947
84.764532
85.630197
85.629985
102.171113
84.223467
83.019902
83.019864
78.253306
86.973505
81.512661
79.629114
79.628939
91.184538
97.753452
91.032364
92.217013
107.936544
114.528340
93.798404
93.701895
105.150191
89.454268
103.192893
91.197760
87.348405
87.348681
82.540850
78.707893
73.079227
61.751557
76.121872
76.121781
76.449687
83.155487
88.041157
93.448483
93.448483
91.347695
87.688280
103.566420
78.801519
79.157490
89.071072
84.508122
91.448271
95.157187
100.826869
98.545417
96.185383
96.185161
106.166154
96.653248
107.289114
106.333656
98.512805
117.733529
107.378001
101.728818
113.414851
94.221243
98.834126
98.835108
95.560184
104.835875
104.890377
104.890682
108.409266
113.309968
112.924627
101.966498
106.645194
106.644993
103.382242
111.413280
99.619192
99.620191
103.688612
100.351747
107.249861
107.515382
90.270699
96.306055
90.083867
108.501078
98.149491
92.370230
79.448435
80.063242
70.624986
68.714754
51.446617
83.796130
97.321954
71.979807
70.541402
66.102141
73.953001
67.989661
67.989636
58.043094
58.043085
72.429331
69.486139
69.485192
78.681160
75.884761
83.860577
77.888001
64.607034
65.153157
58.511642
58.511732
48.036346
62.510574
65.451222
66.918271
66.918262
64.160522
64.160979
58.184417
41.369062
42.317990
57.409261
50.457639
39.296479
26.660060
31.659719
35.763481
44.946798
59.426059
59.426897
60.751120
57.907983
56.472546
56.472286
56.472126
57.828147
62.406836
62.406794
62.406841
69.170076
74.972110
74.971159
70.615589
73.755655
70.709666
72.816974
72.817050
78.337966
78.338521
73.090545
77.970908
70.870073
79.687075
91.801186
92.227947
95.291284
97.422128
102.477830
91.473658
108.542327
108.542749
112.225296
112.225663
116.215112
100.383419
97.416931
89.864384
89.864542
89.865122
97.987059
103.866725
103.822498
124.670367
112.610327
114.749180
112.391873
111.193865
123.000977
120.874544
124.763124
124.763560
122.823523
119.187266
119.186972
125.383746
125.382762
124.715000
116.996969
117.203730
125.218093
125.218601
119.418906
128.892488
130.825116
118.565823
104.950348
109.898537
116.804005
120.981830
121.449607
111.398203
113.974001
106.398191
106.113923
108.638042
120.997531
120.998242
117.101151
118.943760
113.554816
122.806639
121.005341
121.005650
123.192288
124.492994
123.726727
114.581308
118.365205
105.301379
98.788006
98.787491
117.335858
117.335997
104.875032
109.616547
109.616458
118.922284
112.452153
119.195010
118.761240
115.987424
115.987272
115.987542
115.987265
113.415407
113.415856
113.415742
113.415332
113.415192
113.415509
113.416247
113.415673
111.830588
111.830068
111.830732
97.997288
101.179330
95.354345
95.354748
102.826656
87.431328
87.431757
90.752059
93.086159
78.320601
85.323993
85.323854
90.285747
88.646826
88.645715
90.141376
97.550424
97.550488
95.061465
109.897424
111.974663
105.060420
101.816983
111.621275
112.950172
112.950743
117.167483
117.892058
98.884050
107.897223
95.488773
92.260111
72.924128
88.167796
88.167654
83.334915
83.335272
95.059882
98.981578
95.721546
83.932619
