2.65 -0.20526867 0.97035314 -0.11265843 -0.56347226 0.55571596 0.06744662 0.15172505 0.08895377 0.08895377 
2.7 -0.16847435 0.80219564 -0.09526969 -0.50857225 0.45605846 0.01576954 0.08747259 0.02987935 0.02987935
2.75 -0.13829829 0.66319219 -0.08079002 -0.45946554 0.37397708 -0.02349536 0.03745635 -0.01536167 -0.01536167
2.8 -0.11354093 0.54828151 -0.06870840 -0.41550521 0.30639724 -0.05282876 -0.00105476 -0.04947303 -0.04947303
2.85 -0.09321193 0.45328546 -0.05860618 -0.37603600 0.25078004 -0.07424796 -0.03029527 -0.07456865 -0.07456865
2.9 -0.07652918 0.37474673 -0.05014053 -0.34073147 0.20502897 -0.08939080 -0.05209891 -0.09265445 -0.09265445
2.95 -0.06283108 0.30981475 -0.04303011 -0.30906057 0.16741285 -0.09958461 -0.06795702 -0.10510701 -0.10510701
3.0 -0.05158193 0.25613191 -0.03704397 -0.28062721 0.13650237 -0.10590280 -0.07908726 -0.11312120 -0.11312120
3.05 -0.04234298 0.21174954 -0.03199223 -0.25507945 0.11111757 -0.10921133 -0.08648029 -0.11766512 -0.11766512
3.1 -0.03475457 0.17505671 -0.02771853 -0.23210486 0.09028456 -0.11020688 -0.09094017 -0.11952125 -0.11952125
3.15 -0.02852173 0.14472155 -0.02409381 -0.21142617 0.07319975 -0.10944804 -0.09311781 -0.11932017 -0.11932017
3.2 -0.02340243 0.11964277 -0.02101135 -0.19279738 0.05920027 -0.10738106 -0.09353856 -0.11756838 -0.11756838
3.25 -0.01919797 0.09890976 -0.01838273 -0.17600006 0.04773947 -0.10436084 -0.09262500 -0.11467099 -0.11467099
3.3 -0.01574518 0.08176954 -0.01613462 -0.16084025 0.03836666 -0.10066824 -0.09071577 -0.11095052 -0.11095052
3.35 -0.01291007 0.06759948 -0.01420607 -0.14714556 0.03071041 -0.09652417 -0.08808100 -0.10666222 -0.10666222
3.4 -0.01058256 0.05588481 -0.01254640 -0.13476269 0.02446466 -0.09210115 -0.08493513 -0.10200684 -0.10200684
3.45 -0.00867232 0.04619989 -0.01111339 -0.12354946 0.01937728 -0.08753277 -0.08144736 -0.09713528 -0.09713528
3.5 -0.00710487 0.03819295 -0.00987188 -0.11339640 0.01524064 -0.08292136 -0.07775018 -0.09218020 -0.09218020
3.55 -0.00581954 0.03157332 -0.00879247 -0.10418918 0.01188377 -0.07834424 -0.07394653 -0.08722787 -0.08722787
3.6 -0.00476563 0.02610014 -0.00785082 -0.09583139 0.00916596 -0.07385879 -0.07011556 -0.08234770 -0.08234770
3.65 -0.00390218 0.02157496 -0.00702646 -0.08823709 0.00697141 -0.06950663 -0.06631722 -0.07759077 -0.07759077
3.7 -0.00319530 0.01783353 -0.00630232 -0.08132956 0.00520489 -0.06531689 -0.06259621 -0.07299364 -0.07299364
3.75 -0.00261707 0.01474012 -0.00566409 -0.07504033 0.00378811 -0.06130889 -0.05898499 -0.06858138 -0.06858138
3.8 -0.00214456 0.01218249 -0.00509978 -0.06930822 0.00265673 -0.05749434 -0.05550642 -0.06437007 -0.06437007
3.85 -0.00175884 0.01006791 -0.00459933 -0.06407855 0.00175793 -0.05387907 -0.05217573 -0.06036881 -0.06036881
3.9 -0.00144431 0.00831969 -0.00415426 -0.05930239 0.00104837 -0.05046439 -0.04900220 -0.05658128 -0.05658128
3.95 -0.00118812 0.00687442 -0.00375740 -0.05493598 0.00049251 -0.04724827 -0.04599051 -0.05300708 -0.05300708
4.0 -0.00098325 0.00567832 -0.00340271 -0.05093866 0.00006125 -0.04422616 -0.04314321 -0.04964630 -0.04964630
4.05 -0.00081367 0.00469101 -0.00308501 -0.04727826 -0.00026924 -0.04139171 -0.04045580 -0.04648593 -0.04648593
4.1 -0.00067582 0.00387500 -0.00279993 -0.04392168 -0.00051846 -0.03873740 -0.03792641 -0.04352243 -0.04352243
4.15 -0.00056375 0.00320064 -0.00254369 -0.04084060 -0.00070230 -0.03625483 -0.03555013 -0.04074740 -0.04074740
4.2 -0.00047252 0.00264342 -0.00231305 -0.03800961 -0.00083375 -0.03393520 -0.03332102 -0.03815177 -0.03815177
4.25 -0.00039811 0.00218303 -0.00210521 -0.03540583 -0.00092341 -0.03176948 -0.03123251 -0.03572612 -0.03572612
4.3 -0.00033718 0.00180270 -0.00191774 -0.03300870 -0.00097991 -0.02974866 -0.02927766 -0.03346093 -0.03346093
4.35 -0.00028704 0.00148854 -0.00174851 -0.03079969 -0.00101026 -0.02786386 -0.02744931 -0.03134670 -0.03134670
4.4 -0.00024546 0.00122907 -0.00159567 -0.02876210 -0.00102017 -0.02610645 -0.02574032 -0.02937415 -0.02937415
4.45 -0.00021067 0.00101480 -0.00145755 -0.02688085 -0.00101427 -0.02446813 -0.02414361 -0.02753427 -0.02753427
4.5 -0.00018123 0.00083786 -0.00133271 -0.02514235 -0.00099629 -0.02294095 -0.02265227 -0.02581843 -0.02581843
4.55 -0.00015598 0.00069176 -0.00121985 -0.02353431 -0.00096929 -0.02151742 -0.02125968 -0.02421838 -0.02421838
4.6 -0.00013403 0.00057114 -0.00111782 -0.02204559 -0.00093570 -0.02019039 -0.01995945 -0.02272630 -0.02272630
4.65 -0.00011466 0.00047155 -0.00102558 -0.02066615 -0.00089749 -0.01895321 -0.01874552 -0.02133483 -0.02133483
4.7 -0.00009731 0.00038933 -0.00094219 -0.01938686 -0.00085624 -0.01779960 -0.01761214 -0.02003703 -0.02003703
4.75 -0.00008159 0.00032145 -0.00086679 -0.01819944 -0.00081320 -0.01672369 -0.01655388 -0.01882637 -0.01882637
4.8 -0.00006715 0.00026540 -0.00079864 -0.01709640 -0.00076936 -0.01572000 -0.01556564 -0.01769679 -0.01769679
4.85 -0.00005378 0.00021913 -0.00073704 -0.01607092 -0.00072550 -0.01478346 -0.01464265 -0.01664260 -0.01664260
4.9 -0.00004129 0.00018092 -0.00068135 -0.01511678 -0.00068220 -0.01390929 -0.01378040 -0.01565850 -0.01565850
4.95 -0.00002958 0.00014937 -0.00063099 -0.01422834 -0.00063993 -0.01309309 -0.01297472 -0.01473954 -0.01473954
5.0 -0.00001856 0.00012332 -0.00058546 -0.01340047 -0.00059902 -0.01233077 -0.01222170 -0.01388116 -0.01388116
5.05 -0.00000816 0.00010181 -0.00054425 -0.01262845 -0.00055970 -0.01161849 -0.01151767 -0.01307907 -0.01307907
5.1 0.00000163 0.00008404 -0.00050695 -0.01190802 -0.00052215 -0.01095273 -0.01085924 -0.01232930 -0.01232930
5.15 0.00001086 0.00006936 -0.00047315 -0.01123526 -0.00048646 -0.01033022 -0.01024327 -0.01162819 -0.01162819
5.2 0.00001953 0.00005724 -0.00044249 -0.01060657 -0.00045266 -0.00974788 -0.00966678 -0.01097230 -0.01097230
5.25 0.00002765 0.00004723 -0.00041463 -0.01001870 -0.00042077 -0.00920288 -0.00912704 -0.01035844 -0.01035844
5.3 0.00003525 0.00003896 -0.00038929 -0.00946861 -0.00039077 -0.00869263 -0.00862150 -0.00978370 -0.00978370
5.35 0.00004232 0.00003213 -0.00036620 -0.00895357 -0.00036261 -0.00821467 -0.00814780 -0.00924532 -0.00924532
5.4 0.00004888 0.00002649 -0.00034511 -0.00847103 -0.00033621 -0.00776674 -0.00770373 -0.00874076 -0.00874076
5.45 0.00005494 0.00002184 -0.00032579 -0.00801867 -0.00031150 -0.00734676 -0.00728724 -0.00826768 -0.00826768
5.5 0.00006051 0.00001799 -0.00030805 -0.00759434 -0.00028840 -0.00695277 -0.00689644 -0.00782388 -0.00782388
5.55 0.00006561 0.00001482 -0.00029171 -0.00719608 -0.00026680 -0.00658297 -0.00652956 -0.00740735 -0.00740735
5.6 0.00007026 0.00001220 -0.00027660 -0.00682207 -0.00024661 -0.00623570 -0.00618495 -0.00701621 -0.00701621
5.65 0.00007448 0.00001004 -0.00026260 -0.00647063 -0.00022774 -0.00590942 -0.00586112 -0.00664871 -0.00664871
5.7 0.00007828 0.00000826 -0.00024958 -0.00614021 -0.00021011 -0.00560268 -0.00555665 -0.00630325 -0.00630325
5.75 0.00008168 0.00000679 -0.00023741 -0.00582940 -0.00019361 -0.00531416 -0.00527022 -0.00597833 -0.00597833
5.8 0.00008471 0.00000558 -0.00022602 -0.00553685 -0.00017817 -0.00504264 -0.00500063 -0.00567257 -0.00567257
5.85 0.00008739 0.00000459 -0.00021530 -0.00526137 -0.00016372 -0.00478697 -0.00474677 -0.00538469 -0.00538469
5.9 0.00008973 0.00000376 -0.00020519 -0.00500181 -0.00015016 -0.00454609 -0.00450758 -0.00511350 -0.00511350
5.95 0.00009176 0.00000309 -0.00019561 -0.00475712 -0.00013744 -0.00431902 -0.00428210 -0.00485788 -0.00485788
6.0 0.00009349 0.00000253 -0.00018651 -0.00452635 -0.00012549 -0.00410487 -0.00406943 -0.00461683 -0.00461683
6.05 0.00009494 0.00000207 -0.00017785 -0.00430858 -0.00011427 -0.00390280 -0.00386876 -0.00438941 -0.00438941
6.1 0.00009614 0.00000170 -0.00016957 -0.00410299 -0.00010370 -0.00371202 -0.00367930 -0.00417473 -0.00417473
6.15 0.00009710 0.00000139 -0.00016165 -0.00390880 -0.00009375 -0.00353181 -0.00350033 -0.00397197 -0.00397197
6.2 0.00009782 0.00000113 -0.00015405 -0.00372529 -0.00008438 -0.00336152 -0.00333122 -0.00378039 -0.00378039
6.25 0.00009833 0.00000092 -0.00014674 -0.00355179 -0.00007555 -0.00320050 -0.00317133 -0.00359928 -0.00359928
6.3 0.00009865 0.00000075 -0.00013970 -0.00338767 -0.00006721 -0.00304820 -0.00302009 -0.00342798 -0.00342798
6.35 0.00009878 0.00000061 -0.00013292 -0.00323237 -0.00005934 -0.00290406 -0.00287697 -0.00326591 -0.00326591
6.4 0.00009874 0.00000049 -0.00012637 -0.00308534 -0.00005191 -0.00276760 -0.00274147 -0.00311249 -0.00311249
6.45 0.00009855 0.00000039 -0.00012006 -0.00294608 -0.00004490 -0.00263835 -0.00261315 -0.00296720 -0.00296720
6.5 0.00009821 0.00000031 -0.00011394 -0.00281412 -0.00003826 -0.00251587 -0.00249155 -0.00282953 -0.00282953
6.55 0.00009774 0.00000025 -0.00010803 -0.00268903 -0.00003200 -0.00239977 -0.00237629 -0.00269907 -0.00269907
6.6 0.00009714 0.00000020 -0.00010230 -0.00257039 -0.00002608 -0.00228966 -0.00226700 -0.00257535 -0.00257535
6.65 0.00009644 0.00000015 -0.00009676 -0.00245783 -0.00002049 -0.00218520 -0.00216331 -0.00245800 -0.00245800
6.7 0.00009564 0.00000012 -0.00009141 -0.00235099 -0.00001520 -0.00208607 -0.00206492 -0.00234665 -0.00234665
6.75 0.00009474 0.00000009 -0.00008622 -0.00224955 -0.00001021 -0.00199194 -0.00197151 -0.00224094 -0.00224094
6.8 0.00009377 0.00000006 -0.00008120 -0.00215319 -0.00000549 -0.00190254 -0.00188279 -0.00214056 -0.00214056
6.85 0.00009272 0.00000004 -0.00007634 -0.00206162 -0.00000103 -0.00181761 -0.00179852 -0.00204520 -0.00204520
6.9 0.00009162 0.00000003 -0.00007165 -0.00197457 0.00000317 -0.00173689 -0.00171842 -0.00195458 -0.00195458
6.95 0.00009046 0.00000001 -0.00006711 -0.00189179 0.00000715 -0.00166013 -0.00164227 -0.00186842 -0.00186842
7.0 0.00008925 0.00000000 -0.00006272 -0.00181303 0.00001090 -0.00158713 -0.00156986 -0.00178649 -0.00178649
7.05 0.00008801 -0.00000001 -0.00005847 -0.00173808 0.00001445 -0.00151768 -0.00150096 -0.00170855 -0.00170855
7.1 0.00008673 -0.00000001 -0.00005437 -0.00166673 0.00001780 -0.00145158 -0.00143539 -0.00163438 -0.00163438
7.15 0.00008543 -0.00000002 -0.00005042 -0.00159877 0.00002095 -0.00138865 -0.00137298 -0.00156378 -0.00156378
7.2 0.00008411 -0.00000002 -0.00004660 -0.00153403 0.00002393 -0.00132872 -0.00131354 -0.00149655 -0.00149655
7.25 0.00008278 -0.00000003 -0.00004292 -0.00147233 0.00002675 -0.00127162 -0.00125692 -0.00143250 -0.00143250
7.3 0.00008144 -0.00000003 -0.00003937 -0.00141352 0.00002939 -0.00121722 -0.00120297 -0.00137148 -0.00137148
7.35 0.00008009 -0.00000003 -0.00003595 -0.00135742 0.00003190 -0.00116535 -0.00115155 -0.00131332 -0.00131332
7.4 0.00007875 -0.00000003 -0.00003265 -0.00130392 0.00003426 -0.00111590 -0.00110251 -0.00125785 -0.00125785
7.45 0.00007741 -0.00000004 -0.00002948 -0.00125285 0.00003648 -0.00106872 -0.00105574 -0.00120496 -0.00120496
7.5 0.00007608 -0.00000004 -0.00002641 -0.00120411 0.00003859 -0.00102371 -0.00101112 -0.00115449 -0.00115449
7.55 0.00007476 -0.00000004 -0.00002348 -0.00115757 0.00004057 -0.00098076 -0.00096853 -0.00110633 -0.00110633
7.6 0.00007345 -0.00000004 -0.00002065 -0.00111312 0.00004243 -0.00093975 -0.00092788 -0.00106035 -0.00106035
7.65 0.00007217 -0.00000004 -0.00001793 -0.00107065 0.00004419 -0.00090059 -0.00088907 -0.00101645 -0.00101645
7.7 0.00007089 -0.00000004 -0.00001532 -0.00103005 0.00004585 -0.00086318 -0.00085199 -0.00097452 -0.00097452
7.75 0.00006965 -0.00000004 -0.00001281 -0.00099125 0.00004741 -0.00082744 -0.00081656 -0.00093445 -0.00093445
7.8 0.00006842 -0.00000004 -0.00001040 -0.00095414 0.00004889 -0.00079327 -0.00078270 -0.00089615 -0.00089615
7.85 0.00006721 -0.00000004 -0.00000808 -0.00091864 0.00005028 -0.00076061 -0.00075033 -0.00085954 -0.00085954
7.9 0.00006603 -0.00000003 -0.00000586 -0.00088467 0.00005158 -0.00072938 -0.00071938 -0.00082454 -0.00082454
7.95 0.00006488 -0.00000003 -0.00000373 -0.00085217 0.00005282 -0.00069950 -0.00068977 -0.00079105 -0.00079105
8.0 0.00006375 -0.00000003 -0.00000168 -0.00082105 0.00005397 -0.00067092 -0.00066145 -0.00075901 -0.00075901
8.05 0.00006264 -0.00000003 0.00000028 -0.00079124 0.00005506 -0.00064356 -0.00063434 -0.00072835 -0.00072835
8.1 0.00006156 -0.00000003 0.00000216 -0.00076270 0.00005609 -0.00061738 -0.00060839 -0.00069900 -0.00069900
8.15 0.00006051 -0.00000003 0.00000397 -0.00073534 0.00005706 -0.00059230 -0.00058354 -0.00067090 -0.00067090
8.2 0.00005948 -0.00000003 0.00000570 -0.00070913 0.00005797 -0.00056828 -0.00055974 -0.00064398 -0.00064398
8.25 0.00005848 -0.00000003 0.00000735 -0.00068400 0.00005882 -0.00054527 -0.00053695 -0.00061820 -0.00061820
8.3 0.00005751 -0.00000003 0.00000894 -0.00065991 0.00005963 -0.00052323 -0.00051511 -0.00059348 -0.00059348
8.35 0.00005656 -0.00000003 0.00001046 -0.00063680 0.00006038 -0.00050210 -0.00049417 -0.00056981 -0.00056981
8.4 0.00005563 -0.00000002 0.00001192 -0.00061463 0.00006109 -0.00048184 -0.00047410 -0.00054710 -0.00054710
8.45 0.00005473 -0.00000002 0.00001332 -0.00059335 0.00006175 -0.00046241 -0.00045486 -0.00052533 -0.00052533
8.5 0.00005386 -0.00000002 0.00001465 -0.00057294 0.00006237 -0.00044378 -0.00043640 -0.00050445 -0.00050445
8.55 0.00005301 -0.00000002 0.00001593 -0.00055333 0.00006295 -0.00042591 -0.00041870 -0.00048442 -0.00048442
8.6 0.00005217 -0.00000002 0.00001716 -0.00053451 0.00006350 -0.00040876 -0.00040171 -0.00046520 -0.00046520
8.65 0.00005137 -0.00000002 0.00001833 -0.00051643 0.00006400 -0.00039230 -0.00038540 -0.00044675 -0.00044675
8.7 0.00005058 -0.00000002 0.00001945 -0.00049905 0.00006448 -0.00037651 -0.00036975 -0.00042904 -0.00042904
8.75 0.00004982 -0.00000002 0.00002053 -0.00048236 0.00006492 -0.00036134 -0.00035473 -0.00041204 -0.00041204
8.8 0.00004907 -0.00000002 0.00002155 -0.00046632 0.00006532 -0.00034677 -0.00034030 -0.00039571 -0.00039571
8.85 0.00004835 -0.00000002 0.00002254 -0.00045089 0.00006571 -0.00033278 -0.00032644 -0.00038002 -0.00038002
8.9 0.00004764 -0.00000002 0.00002348 -0.00043606 0.00006606 -0.00031934 -0.00031313 -0.00036496 -0.00036496
8.95 0.00004695 -0.00000001 0.00002438 -0.00042179 0.00006639 -0.00030642 -0.00030034 -0.00035048 -0.00035048
