2.75 -0.50771207 1.77448482 -0.13054945 -0.99887639 0.91175821 0.05296530 0.21688133 0.13734692 0.13734692 
2.8 -0.41600508 1.46465821 -0.11347999 -0.90346392 0.74593600 -0.03052664 0.10745938 0.03170921 0.03170921
2.85 -0.34077638 1.20897627 -0.09889987 -0.81587307 0.61002200 -0.09269872 0.02321993 -0.04657306 -0.04657306
2.9 -0.27906595 0.99803682 -0.08641207 -0.73899918 0.49864037 -0.13797152 -0.04071836 -0.10644037 -0.10644037
2.95 -0.22847183 0.82397709 -0.07568734 -0.66878701 0.40738017 -0.16991414 -0.08844082 -0.14896909 -0.14896909
3.0 -0.18697176 0.68032902 -0.06645296 -0.60681639 0.33262253 -0.19140237 -0.12325491 -0.17991210 -0.17991210
3.05 -0.15293416 0.56177414 -0.05848095 -0.55106885 0.27139839 -0.20474848 -0.14782938 -0.20070981 -0.20070981
3.1 -0.12501575 0.46391927 -0.05158111 -0.50088999 0.22127123 -0.21180754 -0.16433382 -0.21356759 -0.21356759
3.15 -0.10211596 0.38314058 -0.04559380 -0.45569592 0.18024176 -0.21406356 -0.17452302 -0.22026510 -0.22026510
3.2 -0.08333335 0.31644929 -0.04038506 -0.41496564 0.14666901 -0.21270028 -0.17981305 -0.22223476 -0.22223476
3.25 -0.06792999 0.26138074 -0.03584224 -0.37823418 0.11920611 -0.20865845 -0.18134327 -0.22062567 -0.22062567
3.3 -0.05530177 0.21590263 -0.03187035 -0.34508647 0.09674789 -0.20268227 -0.18002720 -0.21635596 -0.21635596
3.35 -0.04495380 0.17833935 -0.02838925 -0.31515188 0.07838785 -0.19535712 -0.17659422 -0.21015557 -0.21015557
3.4 -0.03648047 0.14730935 -0.02533135 -0.28809940 0.06338253 -0.18714061 -0.17162415 -0.20260187 -0.20260187
3.45 -0.02954887 0.12167342 -0.02263926 -0.26363327 0.05112296 -0.17838709 -0.16557488 -0.19414798 -0.19414798
3.5 -0.02388544 0.10049210 -0.02026438 -0.24148924 0.04111031 -0.16936846 -0.15880589 -0.18514696 -0.18514696
3.55 -0.01926501 0.08299041 -0.01816537 -0.22143109 0.03293638 -0.16029056 -0.15159703 -0.17587105 -0.17587105
3.6 -0.01550200 0.06852893 -0.01630703 -0.20324761 0.02626721 -0.15130681 -0.14416411 -0.16652770 -0.16652770
3.65 -0.01244328 0.05657986 -0.01465930 -0.18674988 0.02082966 -0.14252910 -0.13667163 -0.15727260 -0.15727260
3.7 -0.00996245 0.04670737 -0.01319629 -0.17176888 0.01640042 -0.13403676 -0.12924312 -0.14822025 -0.14822025
3.75 -0.00795528 0.03855142 -0.01189573 -0.15814486 0.01279677 -0.12588377 -0.12196973 -0.13944446 -0.13944446
3.8 -0.00633523 0.03181458 -0.01073840 -0.14575981 0.00986919 -0.11810449 -0.11491687 -0.13101885 -0.13101885
3.85 -0.00503131 0.02625085 -0.00970745 -0.13448332 0.00749538 -0.11071819 -0.10812987 -0.12297124 -0.12297124
3.9 -0.00398496 0.02165685 -0.00878819 -0.12420664 0.00557506 -0.10373285 -0.10163841 -0.11532295 -0.11532295
3.95 -0.00314784 0.01786436 -0.00796786 -0.11483228 0.00402600 -0.09714799 -0.09546010 -0.10808363 -0.10808363
4.0 -0.00248037 0.01473421 -0.00723502 -0.10627279 0.00278086 -0.09095683 -0.08960320 -0.10125397 -0.10125397
4.05 -0.00195002 0.01215129 -0.00657966 -0.09844972 0.00178432 -0.08514814 -0.08406896 -0.09482811 -0.09482811
4.1 -0.00153020 0.01002034 -0.00599299 -0.09129264 0.00099090 -0.07970769 -0.07885348 -0.08879548 -0.08879548
4.15 -0.00119925 0.00826261 -0.00546711 -0.08473831 0.00036334 -0.07461908 -0.07394896 -0.08314206 -0.08314206
4.2 -0.00093951 0.00681296 -0.00499510 -0.07872996 -0.00012901 -0.06986477 -0.06934495 -0.07785160 -0.07785160
4.25 -0.00073667 0.00561755 -0.00457088 -0.07321652 -0.00051139 -0.06542663 -0.06502920 -0.07290651 -0.07290651
4.3 -0.00057914 0.00463188 -0.00418897 -0.06815211 -0.00080441 -0.06128627 -0.06098819 -0.06828834 -0.06828834
4.35 -0.00045759 0.00381921 -0.00384464 -0.06349545 -0.00102508 -0.05742557 -0.05720787 -0.06397848 -0.06397848
4.4 -0.00036455 0.00314919 -0.00353367 -0.05920941 -0.00118737 -0.05382688 -0.05367391 -0.05995844 -0.05995844
4.45 -0.00029398 0.00259680 -0.00325231 -0.05526054 -0.00130264 -0.05047303 -0.05037194 -0.05621004 -0.05621004
4.5 -0.00024105 0.00214136 -0.00299743 -0.05161870 -0.00138034 -0.04734775 -0.04728799 -0.05271582 -0.05271582
4.55 -0.00020195 0.00176585 -0.00276609 -0.04825675 -0.00142812 -0.04443546 -0.04440841 -0.04945895 -0.04945895
4.6 -0.00017360 0.00145622 -0.00255579 -0.04515018 -0.00145220 -0.04172141 -0.04172003 -0.04642336 -0.04642336
4.65 -0.00015363 0.00120089 -0.00236436 -0.04227687 -0.00145778 -0.03919184 -0.03921039 -0.04359396 -0.04359396
4.7 -0.00014010 0.00099034 -0.00218976 -0.03961682 -0.00144890 -0.03683364 -0.03686748 -0.04095635 -0.04095635
4.75 -0.00013148 0.00081669 -0.00203040 -0.03715198 -0.00142904 -0.03463474 -0.03468012 -0.03849717 -0.03849717
4.8 -0.00012663 0.00067347 -0.00188464 -0.03486598 -0.00140086 -0.03258373 -0.03263763 -0.03620377 -0.03620377
4.85 -0.00012450 0.00055534 -0.00175126 -0.03274399 -0.00136660 -0.03067007 -0.03073008 -0.03406441 -0.03406441
4.9 -0.00012444 0.00045791 -0.00162896 -0.03077258 -0.00132798 -0.02888387 -0.02894808 -0.03206808 -0.03206808
4.95 -0.00012583 0.00037753 -0.00151673 -0.02893954 -0.00128642 -0.02721601 -0.02728288 -0.03020456 -0.03020456
5.0 -0.00012822 0.00031124 -0.00141360 -0.02723377 -0.00124303 -0.02565800 -0.02572632 -0.02846435 -0.02846435
5.05 -0.00013125 0.00025655 -0.00131872 -0.02564520 -0.00119868 -0.02420196 -0.02427080 -0.02683862 -0.02683862
5.1 -0.00013457 0.00021144 -0.00123137 -0.02416462 -0.00115401 -0.02284056 -0.02290917 -0.02531912 -0.02531912
5.15 -0.00013805 0.00017424 -0.00115081 -0.02278366 -0.00110957 -0.02156707 -0.02163488 -0.02389829 -0.02389829
5.2 -0.00014146 0.00014355 -0.00107646 -0.02149468 -0.00106572 -0.02037520 -0.02044177 -0.02256905 -0.02256905
5.25 -0.00014468 0.00011824 -0.00100778 -0.02029067 -0.00102276 -0.01925917 -0.01932415 -0.02132489 -0.02132489
5.3 -0.00014759 0.00009736 -0.00094425 -0.01916526 -0.00098088 -0.01821357 -0.01827673 -0.02015974 -0.02015974
5.35 -0.00015016 0.00008015 -0.00088543 -0.01811259 -0.00094024 -0.01723349 -0.01729462 -0.01906803 -0.01906803
5.4 -0.00015232 0.00006596 -0.00083089 -0.01712729 -0.00090090 -0.01631429 -0.01637325 -0.01804454 -0.01804454
5.45 -0.00015400 0.00005426 -0.00078026 -0.01620446 -0.00086288 -0.01545168 -0.01550837 -0.01708446 -0.01708446
5.5 -0.00015521 0.00004462 -0.00073326 -0.01533958 -0.00082626 -0.01464180 -0.01469616 -0.01618343 -0.01618343
5.55 -0.00015594 0.00003667 -0.00068956 -0.01452849 -0.00079103 -0.01388099 -0.01393298 -0.01533732 -0.01533732
5.6 -0.00015619 0.00003012 -0.00064888 -0.01376738 -0.00075716 -0.01316587 -0.01321548 -0.01454234 -0.01454234
5.65 -0.00015599 0.00002472 -0.00061100 -0.01305274 -0.00072464 -0.01249337 -0.01254058 -0.01379501 -0.01379501
5.7 -0.00015532 0.00002028 -0.00057568 -0.01238134 -0.00069341 -0.01186055 -0.01190539 -0.01309206 -0.01309206
5.75 -0.00015423 0.00001662 -0.00054273 -0.01175018 -0.00066346 -0.01126479 -0.01130730 -0.01243053 -0.01243053
5.8 -0.00015275 0.00001361 -0.00051194 -0.01115652 -0.00063471 -0.01070360 -0.01074380 -0.01180760 -0.01180760
5.85 -0.00015092 0.00001113 -0.00048315 -0.01059781 -0.00060715 -0.01017471 -0.01021266 -0.01122075 -0.01122075
5.9 -0.00014876 0.00000909 -0.00045621 -0.01007171 -0.00058072 -0.00967599 -0.00971176 -0.01066759 -0.01066759
5.95 -0.00014630 0.00000742 -0.00043102 -0.00957605 -0.00055542 -0.00920553 -0.00923917 -0.01014595 -0.01014595
6.0 -0.00014362 0.00000605 -0.00040738 -0.00910880 -0.00053116 -0.00876147 -0.00879305 -0.00965376 -0.00965376
6.05 -0.00014073 0.00000493 -0.00038523 -0.00866812 -0.00050794 -0.00834215 -0.00837176 -0.00918915 -0.00918915
6.1 -0.00013766 0.00000400 -0.00036444 -0.00825228 -0.00048571 -0.00794599 -0.00797371 -0.00875037 -0.00875037
6.15 -0.00013444 0.00000325 -0.00034494 -0.00785967 -0.00046443 -0.00757156 -0.00759748 -0.00833580 -0.00833580
6.2 -0.00013113 0.00000264 -0.00032658 -0.00748883 -0.00044407 -0.00721748 -0.00724169 -0.00794391 -0.00794391
6.25 -0.00012775 0.00000213 -0.00030933 -0.00713836 -0.00042460 -0.00688252 -0.00690511 -0.00757331 -0.00757331
6.3 -0.00012433 0.00000173 -0.00029313 -0.00680699 -0.00040601 -0.00656554 -0.00658661 -0.00722272 -0.00722272
6.35 -0.00012091 0.00000139 -0.00027784 -0.00649353 -0.00038823 -0.00626540 -0.00628504 -0.00689088 -0.00689088
6.4 -0.00011749 0.00000113 -0.00026343 -0.00619687 -0.00037124 -0.00598110 -0.00599941 -0.00657666 -0.00657666
6.45 -0.00011410 0.00000091 -0.00024986 -0.00591599 -0.00035503 -0.00571172 -0.00572879 -0.00627904 -0.00627904
6.5 -0.00011078 0.00000073 -0.00023704 -0.00564993 -0.00033956 -0.00545635 -0.00547228 -0.00599701 -0.00599701
6.55 -0.00010750 0.00000059 -0.00022498 -0.00539778 -0.00032482 -0.00521421 -0.00522909 -0.00572967 -0.00572967
6.6 -0.00010432 0.00000048 -0.00021354 -0.00515873 -0.00031074 -0.00498448 -0.00499840 -0.00547612 -0.00547612
6.65 -0.00010122 0.00000039 -0.00020278 -0.00493200 -0.00029736 -0.00476649 -0.00477953 -0.00523562 -0.00523562
6.7 -0.00009823 0.00000031 -0.00019258 -0.00471685 -0.00028458 -0.00455952 -0.00457176 -0.00500735 -0.00500735
6.75 -0.00009536 0.00000026 -0.00018294 -0.00451262 -0.00027243 -0.00436298 -0.00437451 -0.00479067 -0.00479067
6.8 -0.00009257 0.00000021 -0.00017381 -0.00431867 -0.00026085 -0.00417624 -0.00418712 -0.00458485 -0.00458485
6.85 -0.00008992 0.00000017 -0.00016518 -0.00413442 -0.00024984 -0.00399880 -0.00400909 -0.00438935 -0.00438935
6.9 -0.00008735 0.00000014 -0.00015703 -0.00395929 -0.00023937 -0.00383011 -0.00383988 -0.00420354 -0.00420354
6.95 -0.00008492 0.00000012 -0.00014929 -0.00379280 -0.00022940 -0.00366968 -0.00367899 -0.00402689 -0.00402689
7.0 -0.00008261 0.00000010 -0.00014194 -0.00363443 -0.00021993 -0.00351706 -0.00352596 -0.00385889 -0.00385889
7.05 -0.00008039 0.00000008 -0.00013499 -0.00348375 -0.00021091 -0.00337181 -0.00338035 -0.00369905 -0.00369905
7.1 -0.00007830 0.00000007 -0.00012836 -0.00334033 -0.00020233 -0.00323353 -0.00324175 -0.00354692 -0.00354692
7.15 -0.00007628 0.00000006 -0.00012212 -0.00320377 -0.00019420 -0.00310188 -0.00310982 -0.00340212 -0.00340212
7.2 -0.00007437 0.00000005 -0.00011619 -0.00307369 -0.00018645 -0.00297646 -0.00298414 -0.00326420 -0.00326420
7.25 -0.00007255 0.00000004 -0.00011054 -0.00294975 -0.00017907 -0.00285694 -0.00286439 -0.00313280 -0.00313280
7.3 -0.00007081 0.00000003 -0.00010520 -0.00283161 -0.00017207 -0.00274302 -0.00275027 -0.00300759 -0.00300759
7.35 -0.00006918 0.00000003 -0.00010008 -0.00271897 -0.00016539 -0.00263438 -0.00264144 -0.00288820 -0.00288820
7.4 -0.00006760 0.00000002 -0.00009525 -0.00261153 -0.00015904 -0.00253077 -0.00253766 -0.00277436 -0.00277436
7.45 -0.00006611 0.00000002 -0.00009065 -0.00250902 -0.00015300 -0.00243191 -0.00243865 -0.00266576 -0.00266576
7.5 -0.00006468 0.00000001 -0.00008626 -0.00241118 -0.00014724 -0.00233754 -0.00234414 -0.00256211 -0.00256211
7.55 -0.00006330 0.00000001 -0.00008214 -0.00231777 -0.00014179 -0.00224749 -0.00225395 -0.00246321 -0.00246321
7.6 -0.00006200 0.00000000 -0.00007816 -0.00222857 -0.00013656 -0.00216145 -0.00216778 -0.00236873 -0.00236873
7.65 -0.00006072 -0.00000000 -0.00007440 -0.00214335 -0.00013157 -0.00207925 -0.00208545 -0.00227847 -0.00227847
7.7 -0.00005952 -0.00000001 -0.00007083 -0.00206191 -0.00012685 -0.00200073 -0.00200681 -0.00219226 -0.00219226
7.75 -0.00005835 -0.00000001 -0.00006740 -0.00198407 -0.00012231 -0.00192563 -0.00193159 -0.00210983 -0.00210983
7.8 -0.00005724 -0.00000001 -0.00006415 -0.00190964 -0.00011799 -0.00185385 -0.00185969 -0.00203103 -0.00203103
7.85 -0.00005616 -0.00000001 -0.00006106 -0.00183845 -0.00011388 -0.00178520 -0.00179092 -0.00195568 -0.00195568
7.9 -0.00005511 -0.00000002 -0.00005813 -0.00177034 -0.00010995 -0.00171951 -0.00172512 -0.00188359 -0.00188359
7.95 -0.00005409 -0.00000002 -0.00005532 -0.00170516 -0.00010619 -0.00165665 -0.00166213 -0.00181459 -0.00181459
8.0 -0.00005312 -0.00000002 -0.00005264 -0.00164277 -0.00010259 -0.00159646 -0.00160182 -0.00174854 -0.00174854
8.05 -0.00005217 -0.00000002 -0.00005008 -0.00158302 -0.00009915 -0.00153882 -0.00154407 -0.00168530 -0.00168530
8.1 -0.00005125 -0.00000002 -0.00004764 -0.00152580 -0.00009586 -0.00148362 -0.00148875 -0.00162473 -0.00162473
8.15 -0.00005036 -0.00000002 -0.00004533 -0.00147099 -0.00009272 -0.00143074 -0.00143575 -0.00156670 -0.00156670
8.2 -0.00004949 -0.00000003 -0.00004312 -0.00141845 -0.00008970 -0.00138006 -0.00138494 -0.00151109 -0.00151109
8.25 -0.00004864 -0.00000003 -0.00004100 -0.00136810 -0.00008679 -0.00133146 -0.00133622 -0.00145776 -0.00145776
8.3 -0.00004782 -0.00000003 -0.00003896 -0.00131982 -0.00008400 -0.00128485 -0.00128949 -0.00140663 -0.00140663
8.35 -0.00004703 -0.00000003 -0.00003706 -0.00127352 -0.00008137 -0.00124019 -0.00124471 -0.00135763 -0.00135763
8.4 -0.00004624 -0.00000003 -0.00003522 -0.00122911 -0.00007882 -0.00119732 -0.00120172 -0.00131060 -0.00131060
8.45 -0.00004549 -0.00000003 -0.00003347 -0.00118649 -0.00007637 -0.00115618 -0.00116046 -0.00126547 -0.00126547
8.5 -0.00004475 -0.00000003 -0.00003180 -0.00114559 -0.00007402 -0.00111669 -0.00112086 -0.00122216 -0.00122216
8.55 -0.00004402 -0.00000003 -0.00003020 -0.00110633 -0.00007177 -0.00107878 -0.00108284 -0.00118057 -0.00118057
8.6 -0.00004332 -0.00000003 -0.00002866 -0.00106863 -0.00006958 -0.00104235 -0.00104631 -0.00114063 -0.00114063
8.65 -0.00004264 -0.00000003 -0.00002719 -0.00103242 -0.00006750 -0.00100739 -0.00101124 -0.00110228 -0.00110228
8.7 -0.00004197 -0.00000003 -0.00002581 -0.00099764 -0.00006550 -0.00097379 -0.00097753 -0.00106544 -0.00106544
8.75 -0.00004132 -0.00000002 -0.00002446 -0.00096421 -0.00006357 -0.00094149 -0.00094513 -0.00103002 -0.00103002
8.8 -0.00004069 -0.00000002 -0.00002319 -0.00093209 -0.00006172 -0.00091046 -0.00091401 -0.00099600 -0.00099600
8.85 -0.00004007 -0.00000002 -0.00002198 -0.00090121 -0.00005994 -0.00088062 -0.00088408 -0.00096329 -0.00096329
8.9 -0.00003948 -0.00000002 -0.00002080 -0.00087152 -0.00005822 -0.00085191 -0.00085528 -0.00093182 -0.00093182
8.95 -0.00003889 -0.00000002 -0.00001969 -0.00084296 -0.00005656 -0.00082430 -0.00082759 -0.00090156 -0.00090156
